[1, 1.069, -4.765, 0.596]
[2, 1.069, -4.765, 0.596]
[2, 1.068, -4.765, 0.596]
[2, 1.068, -4.766, 0.596]
[2, 1.068, -4.766, 0.597]
[3, 1.068, -4.766, 0.597]
[3, 1.068, -4.765, 0.597]
[3, 1.068, -4.765, 0.608]
[4, 1.068, -4.765, 0.608]
[4, 1.067, -4.765, 0.608]
[4, 1.067, -4.765, 0.599]
[5, 1.067, -4.765, 0.599]
[5, 1.069, -4.765, 0.599]
[5, 1.069, -4.764, 0.599]
[5, 1.069, -4.764, 0.591]
[6, 1.069, -4.764, 0.591]
[6, 1.068, -4.764, 0.591]
[6, 1.068, -4.765, 0.591]
[6, 1.068, -4.765, 0.582]
[7, 1.068, -4.765, 0.582]
[7, 1.077, -4.765, 0.582]
[7, 1.077, -4.762, 0.582]
[7, 1.077, -4.762, 0.613]
[8, 1.077, -4.762, 0.613]
[8, 1.064, -4.762, 0.613]
[8, 1.064, -4.762, 0.603]
[9, 1.064, -4.762, 0.603]
[9, 1.065, -4.762, 0.603]
[9, 1.065, -4.764, 0.603]
[9, 1.065, -4.764, 0.591]
[10, 1.065, -4.764, 0.591]
[10, 1.069, -4.764, 0.591]
[10, 1.069, -4.766, 0.591]
[10, 1.069, -4.766, 0.590]
[11, 1.069, -4.766, 0.590]
[11, 1.068, -4.766, 0.590]
[11, 1.068, -4.765, 0.590]
[11, 1.068, -4.765, 0.597]
[12, 1.068, -4.765, 0.597]
[12, 1.065, -4.765, 0.597]
[12, 1.065, -4.763, 0.597]
[13, 1.065, -4.763, 0.597]
[13, 1.067, -4.763, 0.597]
[13, 1.067, -4.763, 0.604]
[14, 1.067, -4.763, 0.604]
[14, 1.071, -4.763, 0.604]
[14, 1.071, -4.764, 0.604]
[14, 1.071, -4.764, 0.622]
[15, 1.071, -4.764, 0.622]
[15, 1.070, -4.764, 0.622]
[15, 1.070, -4.764, 0.586]
[16, 1.070, -4.764, 0.586]
[16, 1.068, -4.764, 0.586]
[16, 1.068, -4.763, 0.586]
[16, 1.068, -4.763, 0.602]
[17, 1.068, -4.763, 0.602]
[17, 1.069, -4.763, 0.602]
[17, 1.069, -4.762, 0.602]
[17, 1.069, -4.762, 0.616]
[18, 1.069, -4.762, 0.616]
[18, 1.070, -4.762, 0.616]
[18, 1.070, -4.764, 0.616]
[18, 1.070, -4.764, 0.590]
[19, 1.070, -4.764, 0.590]
[19, 1.071, -4.764, 0.590]
[19, 1.071, -4.762, 0.590]
[19, 1.071, -4.762, 0.608]
[20, 1.071, -4.762, 0.608]
[20, 1.072, -4.762, 0.608]
[20, 1.072, -4.765, 0.608]
[20, 1.072, -4.765, 0.592]
[21, 1.072, -4.765, 0.592]
[21, 1.068, -4.765, 0.592]
[21, 1.068, -4.764, 0.592]
[21, 1.068, -4.764, 0.607]
[22, 1.068, -4.764, 0.607]
[22, 1.067, -4.764, 0.607]
[22, 1.067, -4.763, 0.607]
[22, 1.067, -4.763, 0.604]
[23, 1.067, -4.763, 0.604]
[23, 1.069, -4.763, 0.604]
[23, 1.069, -4.766, 0.604]
[23, 1.069, -4.766, 0.597]
[24, 1.069, -4.766, 0.597]
[24, 1.068, -4.766, 0.597]
[24, 1.068, -4.765, 0.597]
[24, 1.068, -4.765, 0.608]
[25, 1.068, -4.765, 0.608]
[25, 1.069, -4.765, 0.608]
[25, 1.069, -4.762, 0.608]
[25, 1.069, -4.762, 0.611]
[30, 1.069, -4.762, 0.611]
[30, 1.066, -4.762, 0.611]
[30, 1.066, -4.763, 0.611]
[30, 1.066, -4.763, 0.591]
[31, 1.066, -4.763, 0.591]
[31, 1.067, -4.763, 0.591]
[31, 1.067, -4.764, 0.591]
[31, 1.067, -4.764, 0.588]
[32, 1.067, -4.764, 0.588]
[32, 1.067, -4.763, 0.588]
[32, 1.067, -4.763, 0.579]
[33, 1.067, -4.763, 0.579]
[33, 1.068, -4.763, 0.579]
[33, 1.068, -4.764, 0.579]
[33, 1.068, -4.764, 0.597]
[34, 1.068, -4.764, 0.597]
[34, 1.071, -4.764, 0.597]
[34, 1.071, -4.773, 0.597]
[34, 1.071, -4.773, 0.569]
[35, 1.071, -4.773, 0.569]
[35, 1.073, -4.773, 0.569]
[35, 1.073, -4.774, 0.569]
[35, 1.073, -4.774, 0.529]
[36, 1.073, -4.774, 0.529]
[36, 1.063, -4.774, 0.529]
[36, 1.063, -4.772, 0.529]
[36, 1.063, -4.772, 0.509]
[37, 1.063, -4.772, 0.509]
[37, 1.066, -4.772, 0.509]
[37, 1.066, -4.778, 0.509]
[37, 1.066, -4.778, 0.517]
[38, 1.066, -4.778, 0.517]
[38, 1.066, -4.767, 0.517]
[38, 1.066, -4.767, 0.538]
[39, 1.066, -4.767, 0.538]
[39, 1.068, -4.767, 0.538]
[39, 1.068, -4.768, 0.538]
[39, 1.068, -4.768, 0.562]
[40, 1.068, -4.768, 0.562]
[40, 1.106, -4.768, 0.562]
[40, 1.106, -4.826, 0.562]
[40, 1.106, -4.826, 0.843]
[41, 1.106, -4.826, 0.843]
[41, 1.054, -4.826, 0.843]
[41, 1.054, -4.763, 0.843]
[41, 1.054, -4.763, 0.424]
[42, 1.054, -4.763, 0.424]
[42, 1.073, -4.763, 0.424]
[42, 1.073, -4.793, 0.424]
[42, 1.073, -4.793, 0.446]
[43, 1.073, -4.793, 0.446]
[43, 0.979, -4.793, 0.446]
[43, 0.979, -4.829, 0.446]
[43, 0.979, -4.829, 0.393]
[44, 0.979, -4.829, 0.393]
[44, 1.075, -4.829, 0.393]
[44, 1.075, -4.815, 0.393]
[44, 1.075, -4.815, 1.156]
[45, 1.075, -4.815, 1.156]
[45, 1.076, -4.815, 1.156]
[45, 1.076, -4.792, 1.156]
[45, 1.076, -4.792, 1.056]
[46, 1.076, -4.792, 1.056]
[46, 1.023, -4.792, 1.056]
[46, 1.023, -4.725, 1.056]
[46, 1.023, -4.725, 1.137]
[47, 1.023, -4.725, 1.137]
[47, 1.083, -4.725, 1.137]
[47, 1.083, -4.717, 1.137]
[47, 1.083, -4.717, 1.225]
[48, 1.083, -4.717, 1.225]
[48, 1.042, -4.717, 1.225]
[48, 1.042, -4.802, 1.225]
[48, 1.042, -4.802, 0.934]
[49, 1.042, -4.802, 0.934]
[49, 1.028, -4.802, 0.934]
[49, 1.028, -4.726, 0.934]
[49, 1.028, -4.726, 1.145]
[50, 1.028, -4.726, 1.145]
[50, 1.027, -4.726, 1.145]
[50, 1.027, -4.721, 1.145]
[50, 1.027, -4.721, 1.154]
[51, 1.027, -4.721, 1.154]
[51, 1.092, -4.721, 1.154]
[51, 1.092, -4.760, 1.154]
[51, 1.092, -4.760, 1.203]
[52, 1.092, -4.760, 1.203]
[52, 1.069, -4.760, 1.203]
[52, 1.069, -4.705, 1.203]
[52, 1.069, -4.705, 1.426]
[53, 1.069, -4.705, 1.426]
[53, 1.073, -4.705, 1.426]
[53, 1.073, -4.689, 1.426]
[53, 1.073, -4.689, 1.449]
[54, 1.073, -4.689, 1.449]
[54, 1.084, -4.689, 1.449]
[54, 1.084, -4.745, 1.449]
[54, 1.084, -4.745, 1.290]
[55, 1.084, -4.745, 1.290]
[55, 1.078, -4.745, 1.290]
[55, 1.078, -4.801, 1.290]
[55, 1.078, -4.801, 1.048]
[56, 1.078, -4.801, 1.048]
[56, 1.085, -4.801, 1.048]
[56, 1.085, -4.777, 1.048]
[56, 1.085, -4.777, 1.165]
[57, 1.085, -4.777, 1.165]
[57, 1.086, -4.777, 1.165]
[57, 1.086, -4.655, 1.165]
[57, 1.086, -4.655, 1.540]
[58, 1.086, -4.655, 1.540]
[58, 1.087, -4.655, 1.540]
[58, 1.087, -4.808, 1.540]
[58, 1.087, -4.808, 0.961]
[59, 1.087, -4.808, 0.961]
[59, 1.095, -4.808, 0.961]
[59, 1.095, -4.736, 0.961]
[59, 1.095, -4.736, 1.286]
[60, 1.095, -4.736, 1.286]
[60, 1.093, -4.736, 1.286]
[60, 1.093, -4.803, 1.286]
[60, 1.093, -4.803, 0.988]
[61, 1.093, -4.803, 0.988]
[61, 1.100, -4.803, 0.988]
[61, 1.100, -4.798, 0.988]
[61, 1.100, -4.798, 0.982]
[62, 1.100, -4.798, 0.982]
[62, 1.116, -4.798, 0.982]
[62, 1.116, -4.814, 0.982]
[62, 1.116, -4.814, 0.956]
[63, 1.116, -4.814, 0.956]
[63, 1.116, -4.709, 0.956]
[63, 1.116, -4.709, 1.378]
[64, 1.116, -4.709, 1.378]
[64, 1.120, -4.709, 1.378]
[64, 1.120, -4.707, 1.378]
[64, 1.120, -4.707, 1.380]
[65, 1.120, -4.707, 1.380]
[65, 1.117, -4.707, 1.380]
[65, 1.117, -4.838, 1.380]
[65, 1.117, -4.838, 0.739]
[66, 1.117, -4.838, 0.739]
[66, 1.122, -4.838, 0.739]
[66, 1.122, -4.767, 0.739]
[66, 1.122, -4.767, 1.145]
[67, 1.122, -4.767, 1.145]
[67, 1.113, -4.767, 1.145]
[67, 1.113, -4.775, 1.145]
[67, 1.113, -4.775, 1.033]
[68, 1.113, -4.775, 1.033]
[68, 1.113, -4.776, 1.033]
[68, 1.113, -4.776, 1.054]
[69, 1.113, -4.776, 1.054]
[69, 1.125, -4.776, 1.054]
[69, 1.125, -4.754, 1.054]
[69, 1.125, -4.754, 1.098]
[70, 1.125, -4.754, 1.098]
[70, 1.133, -4.754, 1.098]
[70, 1.133, -4.767, 1.098]
[70, 1.133, -4.767, 1.101]
[71, 1.133, -4.767, 1.101]
[71, 1.135, -4.767, 1.101]
[71, 1.135, -4.504, 1.101]
[71, 1.135, -4.504, 1.878]
[72, 1.135, -4.504, 1.878]
[72, 1.125, -4.504, 1.878]
[72, 1.125, -4.468, 1.878]
[72, 1.125, -4.468, 1.966]
[73, 1.125, -4.468, 1.966]
[73, 1.130, -4.468, 1.966]
[73, 1.130, -4.745, 1.966]
[73, 1.130, -4.745, 1.156]
[74, 1.130, -4.745, 1.156]
[74, 1.129, -4.745, 1.156]
[74, 1.129, -4.743, 1.156]
[74, 1.129, -4.743, 1.179]
[75, 1.129, -4.743, 1.179]
[75, 1.124, -4.743, 1.179]
[75, 1.124, -4.780, 1.179]
[75, 1.124, -4.780, 0.989]
[76, 1.124, -4.780, 0.989]
[76, 1.212, -4.780, 0.989]
[76, 1.212, -4.787, 0.989]
[76, 1.212, -4.787, 1.667]
[81, 1.212, -4.787, 1.667]
[81, 1.236, -4.787, 1.667]
[81, 1.236, -4.690, 1.667]
[81, 1.236, -4.690, 1.059]
[82, 1.236, -4.690, 1.059]
[82, 1.339, -4.690, 1.059]
[82, 1.339, -4.648, 1.059]
[82, 1.339, -4.648, 0.992]
[83, 1.339, -4.648, 0.992]
[83, 1.430, -4.648, 0.992]
[83, 1.430, -4.518, 0.992]
[83, 1.430, -4.518, 1.389]
[84, 1.430, -4.518, 1.389]
[84, 1.571, -4.518, 1.389]
[84, 1.571, -4.459, 1.389]
[84, 1.571, -4.459, 1.451]
[85, 1.571, -4.459, 1.451]
[85, 1.595, -4.459, 1.451]
[85, 1.595, -4.598, 1.451]
[85, 1.595, -4.598, 0.837]
[86, 1.595, -4.598, 0.837]
[86, 1.670, -4.598, 0.837]
[86, 1.670, -4.546, 0.837]
[86, 1.670, -4.546, 0.939]
[87, 1.670, -4.546, 0.939]
[87, 1.755, -4.546, 0.939]
[87, 1.755, -4.473, 0.939]
[87, 1.755, -4.473, 1.056]
[88, 1.755, -4.473, 1.056]
[88, 1.851, -4.473, 1.056]
[88, 1.851, -4.473, 0.931]
[89, 1.851, -4.473, 0.931]
[89, 1.944, -4.473, 0.931]
[89, 1.944, -4.385, 0.931]
[89, 1.944, -4.385, 1.189]
[90, 1.944, -4.385, 1.189]
[90, 2.143, -4.385, 1.189]
[90, 2.143, -4.324, 1.189]
[90, 2.143, -4.324, 1.146]
[91, 2.143, -4.324, 1.146]
[91, 2.334, -4.324, 1.146]
[91, 2.334, -4.080, 1.146]
[91, 2.334, -4.080, 1.660]
[92, 2.334, -4.080, 1.660]
[92, 2.419, -4.080, 1.660]
[92, 2.419, -4.234, 1.660]
[92, 2.419, -4.234, 1.080]
[93, 2.419, -4.234, 1.080]
[93, 2.551, -4.234, 1.080]
[93, 2.551, -4.160, 1.080]
[93, 2.551, -4.160, 1.342]
[94, 2.551, -4.160, 1.342]
[94, 2.630, -4.160, 1.342]
[94, 2.630, -4.203, 1.342]
[94, 2.630, -4.203, 0.931]
[95, 2.630, -4.203, 0.931]
[95, 2.725, -4.203, 0.931]
[95, 2.725, -3.889, 0.931]
[95, 2.725, -3.889, 1.606]
[96, 2.725, -3.889, 1.606]
[96, 2.851, -3.889, 1.606]
[96, 2.851, -4.021, 1.606]
[96, 2.851, -4.021, 1.209]
[97, 2.851, -4.021, 1.209]
[97, 2.953, -4.021, 1.209]
[97, 2.953, -3.979, 1.209]
[97, 2.953, -3.979, 1.221]
[98, 2.953, -3.979, 1.221]
[98, 3.061, -3.979, 1.221]
[98, 3.061, -3.930, 1.221]
[98, 3.061, -3.930, 1.213]
[99, 3.061, -3.930, 1.213]
[99, 3.158, -3.930, 1.213]
[99, 3.158, -3.932, 1.213]
[99, 3.158, -3.932, 1.230]
[100, 3.158, -3.932, 1.230]
[100, 3.247, -3.932, 1.230]
[100, 3.247, -3.689, 1.230]
[100, 3.247, -3.689, 1.687]
[101, 3.247, -3.689, 1.687]
[101, 3.336, -3.689, 1.687]
[101, 3.336, -3.870, 1.687]
[101, 3.336, -3.870, 0.968]
[102, 3.336, -3.870, 0.968]
[103, 3.336, -3.870, 0.968]
[104, 3.336, -3.870, 0.968]
[104, 3.796, -3.870, 0.968]
[104, 3.796, -3.615, 0.968]
[104, 3.796, -3.615, 1.301]
[105, 3.796, -3.615, 1.301]
[105, 4.046, -3.615, 1.301]
[105, 4.046, -3.525, 1.301]
[105, 4.046, -3.525, 1.265]
[106, 4.046, -3.525, 1.265]
[106, 4.256, -3.525, 1.265]
[106, 4.256, -3.347, 1.265]
[106, 4.256, -3.347, 1.059]
[107, 4.256, -3.347, 1.059]
[107, 4.108, -3.347, 1.059]
[107, 4.108, -3.500, 1.059]
[107, 4.108, -3.500, 1.280]
[108, 4.108, -3.500, 1.280]
[108, 4.145, -3.500, 1.280]
[108, 4.145, -3.472, 1.280]
[108, 4.145, -3.472, 1.288]
[109, 4.145, -3.472, 1.288]
[109, 4.178, -3.472, 1.288]
[109, 4.178, -3.452, 1.288]
[109, 4.178, -3.452, 1.304]
[110, 4.178, -3.452, 1.304]
[110, 4.207, -3.452, 1.304]
[110, 4.207, -3.444, 1.304]
[110, 4.207, -3.444, 1.289]
[111, 4.207, -3.444, 1.289]
[111, 4.221, -3.444, 1.289]
[111, 4.221, -3.420, 1.289]
[111, 4.221, -3.420, 1.346]
[112, 4.221, -3.420, 1.346]
[112, 4.247, -3.420, 1.346]
[112, 4.247, -3.402, 1.346]
[112, 4.247, -3.402, 1.342]
[113, 4.247, -3.402, 1.342]
[113, 4.265, -3.402, 1.342]
[113, 4.265, -3.391, 1.342]
[113, 4.265, -3.391, 1.329]
[114, 4.265, -3.391, 1.329]
[114, 4.167, -3.391, 1.329]
[114, 4.167, -3.495, 1.329]
[114, 4.167, -3.495, 1.468]
[115, 4.167, -3.495, 1.468]
[115, 4.312, -3.495, 1.468]
[115, 4.312, -3.556, 1.468]
[115, 4.312, -3.556, 1.287]
[116, 4.312, -3.556, 1.287]
[116, 4.344, -3.556, 1.287]
[116, 4.344, -3.632, 1.287]
[116, 4.344, -3.632, 1.271]
[117, 4.344, -3.632, 1.271]
[117, 4.354, -3.632, 1.271]
[117, 4.354, -3.667, 1.271]
[117, 4.354, -3.667, 1.386]
[118, 4.354, -3.667, 1.386]
[118, 4.390, -3.667, 1.386]
[118, 4.390, -3.782, 1.386]
[118, 4.390, -3.782, 1.219]
[119, 4.390, -3.782, 1.219]
[119, 4.404, -3.782, 1.219]
[119, 4.404, -3.938, 1.219]
[119, 4.404, -3.938, 0.940]
[120, 4.404, -3.938, 0.940]
[120, 4.423, -3.938, 0.940]
[120, 4.423, -3.938, 1.205]
[121, 4.423, -3.938, 1.205]
[121, 4.446, -3.938, 1.205]
[121, 4.446, -3.966, 1.205]
[121, 4.446, -3.966, 1.334]
[122, 4.446, -3.966, 1.334]
[122, 4.482, -3.966, 1.334]
[122, 4.482, -4.031, 1.334]
[122, 4.482, -4.031, 1.349]
[123, 4.482, -4.031, 1.349]
[123, 4.504, -4.031, 1.349]
[123, 4.504, -4.161, 1.349]
[123, 4.504, -4.161, 1.197]
[124, 4.504, -4.161, 1.197]
[124, 4.579, -4.161, 1.197]
[124, 4.579, -4.160, 1.197]
[124, 4.579, -4.160, 1.247]
[125, 4.579, -4.160, 1.247]
[125, 4.573, -4.160, 1.247]
[125, 4.573, -3.933, 1.247]
[125, 4.573, -3.933, 2.048]
[126, 4.573, -3.933, 2.048]
[131, 4.573, -3.933, 2.048]
[131, 4.604, -3.933, 2.048]
[131, 4.604, -4.421, 2.048]
[131, 4.604, -4.421, 1.150]
[132, 4.604, -4.421, 1.150]
[132, 4.649, -4.421, 1.150]
[132, 4.649, -4.363, 1.150]
[132, 4.649, -4.363, 1.518]
[133, 4.649, -4.363, 1.518]
[133, 4.639, -4.363, 1.518]
[133, 4.639, -4.549, 1.518]
[133, 4.639, -4.549, 1.255]
[134, 4.639, -4.549, 1.255]
[134, 4.668, -4.549, 1.255]
[134, 4.668, -4.599, 1.255]
[134, 4.668, -4.599, 1.200]
[135, 4.668, -4.599, 1.200]
[135, 4.667, -4.599, 1.200]
[135, 4.667, -4.701, 1.200]
[135, 4.667, -4.701, 1.228]
[136, 4.667, -4.701, 1.228]
[136, 4.739, -4.701, 1.228]
[136, 4.739, -4.718, 1.228]
[136, 4.739, -4.718, 1.376]
[137, 4.739, -4.718, 1.376]
[137, 4.707, -4.718, 1.376]
[137, 4.707, -4.937, 1.376]
[137, 4.707, -4.937, 0.792]
[138, 4.707, -4.937, 0.792]
[138, 4.585, -4.937, 0.792]
[138, 4.585, -5.036, 0.792]
[138, 4.585, -5.036, 0.950]
[139, 4.585, -5.036, 0.950]
[139, 5.016, -5.036, 0.950]
[139, 5.016, -4.721, 0.950]
[139, 5.016, -4.721, 1.359]
[140, 5.016, -4.721, 1.359]
[140, 4.734, -4.721, 1.359]
[140, 4.734, -5.072, 1.359]
[140, 4.734, -5.072, 1.232]
[141, 4.734, -5.072, 1.232]
[141, 4.809, -5.072, 1.232]
[141, 4.809, -5.136, 1.232]
[141, 4.809, -5.136, 1.140]
[142, 4.809, -5.136, 1.140]
[142, 4.810, -5.136, 1.140]
[142, 4.810, -5.204, 1.140]
[142, 4.810, -5.204, 1.178]
[143, 4.810, -5.204, 1.178]
[143, 4.811, -5.204, 1.178]
[143, 4.811, -5.287, 1.178]
[143, 4.811, -5.287, 1.338]
[144, 4.811, -5.287, 1.338]
[144, 4.752, -5.287, 1.338]
[144, 4.752, -5.466, 1.338]
[144, 4.752, -5.466, 0.886]
[145, 4.752, -5.466, 0.886]
[146, 4.752, -5.466, 0.886]
[146, 4.862, -5.466, 0.886]
[146, 4.862, -5.539, 0.886]
[146, 4.862, -5.539, 1.323]
[147, 4.862, -5.539, 1.323]
[147, 4.881, -5.539, 1.323]
[147, 4.881, -5.617, 1.323]
[147, 4.881, -5.617, 1.345]
[148, 4.881, -5.617, 1.345]
[148, 4.881, -5.671, 1.345]
[148, 4.881, -5.671, 1.215]
[149, 4.881, -5.671, 1.215]
[149, 4.871, -5.671, 1.215]
[149, 4.871, -5.806, 1.215]
[149, 4.871, -5.806, 0.975]
[150, 4.871, -5.806, 0.975]
[150, 4.820, -5.806, 0.975]
[150, 4.820, -5.908, 0.975]
[150, 4.820, -5.908, 0.893]
[151, 4.820, -5.908, 0.893]
[151, 4.883, -5.908, 0.893]
[151, 4.883, -5.909, 0.893]
[151, 4.883, -5.909, 0.805]
[152, 4.883, -5.909, 0.805]
[152, 4.977, -5.909, 0.805]
[152, 4.977, -6.028, 0.805]
[152, 4.977, -6.028, 0.978]
[153, 4.977, -6.028, 0.978]
[153, 4.923, -6.028, 0.978]
[153, 4.923, -6.133, 0.978]
[153, 4.923, -6.133, 0.669]
[154, 4.923, -6.133, 0.669]
[155, 4.923, -6.133, 0.669]
[156, 4.923, -6.133, 0.669]
[156, 5.000, -6.133, 0.669]
[156, 5.000, -6.285, 0.669]
[156, 5.000, -6.285, 1.374]
[157, 5.000, -6.285, 1.374]
[158, 5.000, -6.285, 1.374]
[158, 5.008, -6.285, 1.374]
[158, 5.008, -6.536, 1.374]
[158, 5.008, -6.536, 1.005]
[159, 5.008, -6.536, 1.005]
[159, 5.028, -6.536, 1.005]
[159, 5.028, -6.614, 1.005]
[159, 5.028, -6.614, 1.089]
[160, 5.028, -6.614, 1.089]
[160, 5.048, -6.614, 1.089]
[160, 5.048, -6.717, 1.089]
[160, 5.048, -6.717, 1.093]
[161, 5.048, -6.717, 1.093]
[161, 5.043, -6.717, 1.093]
[161, 5.043, -6.790, 1.093]
[161, 5.043, -6.790, 1.064]
[162, 5.043, -6.790, 1.064]
[162, 5.071, -6.790, 1.064]
[162, 5.071, -6.824, 1.064]
[162, 5.071, -6.824, 1.478]
[163, 5.071, -6.824, 1.478]
[164, 5.071, -6.824, 1.478]
[164, 5.046, -6.824, 1.478]
[164, 5.046, -7.070, 1.478]
[164, 5.046, -7.070, 1.074]
[165, 5.046, -7.070, 1.074]
[165, 5.073, -7.070, 1.074]
[165, 5.073, -7.184, 1.074]
[165, 5.073, -7.184, 0.969]
[166, 5.073, -7.184, 0.969]
[166, 5.087, -7.184, 0.969]
[166, 5.087, -7.333, 0.969]
[166, 5.087, -7.333, 1.194]
[167, 5.087, -7.333, 1.194]
[167, 5.144, -7.333, 1.194]
[167, 5.144, -7.448, 1.194]
[167, 5.144, -7.448, 1.589]
[168, 5.144, -7.448, 1.589]
[168, 5.119, -7.448, 1.589]
[168, 5.119, -7.666, 1.589]
[168, 5.119, -7.666, 0.936]
[169, 5.119, -7.666, 0.936]
[169, 5.209, -7.666, 0.936]
[169, 5.209, -7.642, 0.936]
[169, 5.209, -7.642, 1.273]
[170, 5.209, -7.642, 1.273]
[170, 5.186, -7.642, 1.273]
[170, 5.186, -7.777, 1.273]
[170, 5.186, -7.777, 1.271]
[171, 5.186, -7.777, 1.271]
[171, 5.102, -7.777, 1.271]
[171, 5.102, -7.842, 1.271]
[171, 5.102, -7.842, 1.317]
[172, 5.102, -7.842, 1.317]
[172, 5.133, -7.842, 1.317]
[172, 5.133, -7.990, 1.317]
[172, 5.133, -7.990, 1.296]
[173, 5.133, -7.990, 1.296]
[173, 5.171, -7.990, 1.296]
[173, 5.171, -8.080, 1.296]
[173, 5.171, -8.080, 1.300]
[174, 5.171, -8.080, 1.300]
[174, 5.231, -8.080, 1.300]
[174, 5.231, -8.150, 1.300]
[174, 5.231, -8.150, 1.299]
[175, 5.231, -8.150, 1.299]
[175, 5.234, -8.150, 1.299]
[175, 5.234, -8.243, 1.299]
[175, 5.234, -8.243, 1.308]
[176, 5.234, -8.243, 1.308]
[176, 5.250, -8.243, 1.308]
[176, 5.250, -8.344, 1.308]
[176, 5.250, -8.344, 1.292]
[177, 5.250, -8.344, 1.292]
[177, 5.265, -8.344, 1.292]
[177, 5.265, -8.426, 1.292]
[177, 5.265, -8.426, 1.276]
[178, 5.265, -8.426, 1.276]
[178, 5.259, -8.426, 1.276]
[178, 5.259, -8.515, 1.276]
[178, 5.259, -8.515, 1.247]
[179, 5.259, -8.515, 1.247]
[179, 5.285, -8.515, 1.247]
[179, 5.285, -8.693, 1.247]
[179, 5.285, -8.693, 1.503]
[184, 5.285, -8.693, 1.503]
[184, 5.234, -8.693, 1.503]
[184, 5.234, -8.764, 1.503]
[184, 5.234, -8.764, 1.475]
[185, 5.234, -8.764, 1.475]
[185, 5.251, -8.764, 1.475]
[185, 5.251, -8.862, 1.475]
[185, 5.251, -8.862, 1.454]
[186, 5.251, -8.862, 1.454]
[186, 5.264, -8.862, 1.454]
[186, 5.264, -8.833, 1.454]
[186, 5.264, -8.833, 1.428]
[187, 5.264, -8.833, 1.428]
[187, 5.308, -8.833, 1.428]
[187, 5.308, -8.788, 1.428]
[187, 5.308, -8.788, 1.297]
[188, 5.308, -8.788, 1.297]
[188, 5.317, -8.788, 1.297]
[188, 5.317, -8.816, 1.297]
[188, 5.317, -8.816, 1.307]
[189, 5.317, -8.816, 1.307]
[189, 5.330, -8.816, 1.307]
[189, 5.330, -8.835, 1.307]
[189, 5.330, -8.835, 1.327]
[190, 5.330, -8.835, 1.327]
[190, 5.231, -8.835, 1.327]
[190, 5.231, -8.920, 1.327]
[190, 5.231, -8.920, 0.943]
[191, 5.231, -8.920, 0.943]
[191, 5.354, -8.920, 0.943]
[191, 5.354, -8.912, 0.943]
[191, 5.354, -8.912, 1.547]
[192, 5.354, -8.912, 1.547]
[192, 5.387, -8.912, 1.547]
[192, 5.387, -8.825, 1.547]
[192, 5.387, -8.825, 1.462]
[193, 5.387, -8.825, 1.462]
[193, 5.359, -8.825, 1.462]
[193, 5.359, -8.858, 1.462]
[193, 5.359, -8.858, 1.379]
[194, 5.359, -8.858, 1.379]
[194, 5.363, -8.858, 1.379]
[194, 5.363, -8.867, 1.379]
[194, 5.363, -8.867, 1.375]
[195, 5.363, -8.867, 1.375]
[195, 5.346, -8.867, 1.375]
[195, 5.346, -8.897, 1.375]
[195, 5.346, -8.897, 1.364]
[196, 5.346, -8.897, 1.364]
[196, 5.383, -8.897, 1.364]
[196, 5.383, -8.819, 1.364]
[196, 5.383, -8.819, 1.276]
[197, 5.383, -8.819, 1.276]
[197, 5.358, -8.819, 1.276]
[197, 5.358, -8.895, 1.276]
[197, 5.358, -8.895, 1.429]
[198, 5.358, -8.895, 1.429]
[198, 5.365, -8.895, 1.429]
[198, 5.365, -9.006, 1.429]
[198, 5.365, -9.006, 1.632]
[199, 5.365, -9.006, 1.632]
[199, 5.271, -9.006, 1.632]
[199, 5.271, -9.013, 1.632]
[199, 5.271, -9.013, 1.317]
[200, 5.271, -9.013, 1.317]
[200, 5.325, -9.013, 1.317]
[200, 5.325, -8.969, 1.317]
[200, 5.325, -8.969, 1.631]
[201, 5.325, -8.969, 1.631]
[201, 5.308, -8.969, 1.631]
[201, 5.308, -9.013, 1.631]
[201, 5.308, -9.013, 1.616]
[202, 5.308, -9.013, 1.616]
[202, 5.335, -9.013, 1.616]
[202, 5.335, -9.000, 1.616]
[202, 5.335, -9.000, 1.773]
[203, 5.335, -9.000, 1.773]
[204, 5.335, -9.000, 1.773]
[204, 5.442, -9.000, 1.773]
[204, 5.442, -8.921, 1.773]
[204, 5.442, -8.921, 2.126]
[205, 5.442, -8.921, 2.126]
[205, 5.472, -8.921, 2.126]
[205, 5.472, -8.898, 2.126]
[205, 5.472, -8.898, 2.265]
[206, 5.472, -8.898, 2.265]
[206, 5.434, -8.898, 2.265]
[206, 5.434, -8.948, 2.265]
[206, 5.434, -8.948, 2.294]
[207, 5.434, -8.948, 2.294]
[207, 5.438, -8.948, 2.294]
[207, 5.438, -8.946, 2.294]
[207, 5.438, -8.946, 2.327]
[208, 5.438, -8.946, 2.327]
[208, 5.437, -8.946, 2.327]
[208, 5.437, -8.940, 2.327]
[208, 5.437, -8.940, 2.337]
[209, 5.437, -8.940, 2.337]
[209, 5.457, -8.940, 2.337]
[209, 5.457, -8.913, 2.337]
[209, 5.457, -8.913, 2.388]
[210, 5.457, -8.913, 2.388]
[210, 5.320, -8.913, 2.388]
[210, 5.320, -9.040, 2.388]
[210, 5.320, -9.040, 2.115]
[211, 5.320, -9.040, 2.115]
[211, 5.429, -9.040, 2.115]
[211, 5.429, -8.929, 2.115]
[211, 5.429, -8.929, 2.369]
[212, 5.429, -8.929, 2.369]
[212, 5.378, -8.929, 2.369]
[212, 5.378, -8.960, 2.369]
[212, 5.378, -8.960, 2.265]
[213, 5.378, -8.960, 2.265]
[213, 5.320, -8.960, 2.265]
[213, 5.320, -9.003, 2.265]
[213, 5.320, -9.003, 2.174]
[214, 5.320, -9.003, 2.174]
[214, 5.416, -9.003, 2.174]
[214, 5.416, -8.904, 2.174]
[214, 5.416, -8.904, 2.371]
[215, 5.416, -8.904, 2.371]
[215, 5.501, -8.904, 2.371]
[215, 5.501, -8.806, 2.371]
[215, 5.501, -8.806, 2.491]
[216, 5.501, -8.806, 2.491]
[216, 5.327, -8.806, 2.491]
[216, 5.327, -8.936, 2.491]
[216, 5.327, -8.936, 2.150]
[217, 5.327, -8.936, 2.150]
[217, 5.385, -8.936, 2.150]
[217, 5.385, -8.768, 2.150]
[217, 5.385, -8.768, 2.302]
[218, 5.385, -8.768, 2.302]
[218, 5.481, -8.768, 2.302]
[218, 5.481, -8.595, 2.302]
[218, 5.481, -8.595, 2.407]
[219, 5.481, -8.595, 2.407]
[220, 5.481, -8.595, 2.407]
[220, 5.401, -8.595, 2.407]
[220, 5.401, -8.517, 2.407]
[220, 5.401, -8.517, 2.418]
[221, 5.401, -8.517, 2.418]
[221, 5.383, -8.517, 2.418]
[221, 5.383, -8.463, 2.418]
[221, 5.383, -8.463, 2.426]
[222, 5.383, -8.463, 2.426]
[222, 5.402, -8.463, 2.426]
[222, 5.402, -8.319, 2.426]
[222, 5.402, -8.319, 2.383]
[223, 5.402, -8.319, 2.383]
[223, 5.408, -8.319, 2.383]
[223, 5.408, -8.251, 2.383]
[223, 5.408, -8.251, 2.393]
[224, 5.408, -8.251, 2.393]
[224, 5.434, -8.251, 2.393]
[224, 5.434, -8.105, 2.393]
[224, 5.434, -8.105, 2.370]
[225, 5.434, -8.105, 2.370]
[225, 5.403, -8.105, 2.370]
[225, 5.403, -8.057, 2.370]
[225, 5.403, -8.057, 2.381]
[226, 5.403, -8.057, 2.381]
[226, 5.334, -8.057, 2.381]
[226, 5.334, -8.023, 2.381]
[226, 5.334, -8.023, 2.272]
[227, 5.334, -8.023, 2.272]
[227, 5.372, -8.023, 2.272]
[227, 5.372, -7.895, 2.272]
[227, 5.372, -7.895, 2.306]
[228, 5.372, -7.895, 2.306]
[228, 5.381, -7.895, 2.306]
[228, 5.381, -7.807, 2.306]
[228, 5.381, -7.807, 2.317]
[229, 5.381, -7.807, 2.317]
[229, 5.379, -7.807, 2.317]
[229, 5.379, -7.698, 2.317]
[229, 5.379, -7.698, 2.328]
[230, 5.379, -7.698, 2.328]
[230, 5.376, -7.698, 2.328]
[230, 5.376, -7.612, 2.328]
[230, 5.376, -7.612, 2.315]
[231, 5.376, -7.612, 2.315]
[231, 5.377, -7.612, 2.315]
[231, 5.377, -7.569, 2.315]
[231, 5.377, -7.569, 2.158]
[232, 5.377, -7.569, 2.158]
[232, 5.442, -7.569, 2.158]
[232, 5.442, -7.441, 2.158]
[232, 5.442, -7.441, 2.500]
[233, 5.442, -7.441, 2.500]
[233, 5.358, -7.441, 2.500]
[233, 5.358, -7.351, 2.500]
[233, 5.358, -7.351, 2.223]
[234, 5.358, -7.351, 2.223]
[234, 5.378, -7.351, 2.223]
[234, 5.378, -7.271, 2.223]
[234, 5.378, -7.271, 2.261]
[239, 5.378, -7.271, 2.261]
[239, 5.404, -7.271, 2.261]
[239, 5.404, -7.152, 2.261]
[239, 5.404, -7.152, 2.054]
[240, 5.404, -7.152, 2.054]
[240, 5.482, -7.152, 2.054]
[240, 5.482, -7.003, 2.054]
[240, 5.482, -7.003, 2.467]
[241, 5.482, -7.003, 2.467]
[241, 5.396, -7.003, 2.467]
[241, 5.396, -6.899, 2.467]
[241, 5.396, -6.899, 2.250]
[242, 5.396, -6.899, 2.250]
[242, 5.410, -6.899, 2.250]
[242, 5.410, -6.792, 2.250]
[242, 5.410, -6.792, 2.275]
[243, 5.410, -6.792, 2.275]
[243, 5.417, -6.792, 2.275]
[243, 5.417, -6.708, 2.275]
[243, 5.417, -6.708, 2.233]
[244, 5.417, -6.708, 2.233]
[244, 5.425, -6.708, 2.233]
[244, 5.425, -6.608, 2.233]
[244, 5.425, -6.608, 2.255]
[245, 5.425, -6.608, 2.255]
[245, 5.439, -6.608, 2.255]
[245, 5.439, -6.392, 2.255]
[245, 5.439, -6.392, 2.274]
[246, 5.439, -6.392, 2.274]
[246, 5.463, -6.392, 2.274]
[246, 5.463, -6.232, 2.274]
[246, 5.463, -6.232, 2.159]
[247, 5.463, -6.232, 2.159]
[247, 5.475, -6.232, 2.159]
[247, 5.475, -6.115, 2.159]
[247, 5.475, -6.115, 2.234]
[248, 5.475, -6.115, 2.234]
[248, 5.623, -6.115, 2.234]
[248, 5.623, -5.886, 2.234]
[248, 5.623, -5.886, 2.625]
[249, 5.623, -5.886, 2.625]
[249, 5.511, -5.886, 2.625]
[249, 5.511, -5.785, 2.625]
[249, 5.511, -5.785, 2.312]
[250, 5.511, -5.785, 2.312]
[250, 5.529, -5.785, 2.312]
[250, 5.529, -5.686, 2.312]
[250, 5.529, -5.686, 2.307]
[251, 5.529, -5.686, 2.307]
[251, 5.517, -5.686, 2.307]
[251, 5.517, -5.573, 2.307]
[251, 5.517, -5.573, 2.239]
[252, 5.517, -5.573, 2.239]
[252, 5.572, -5.573, 2.239]
[252, 5.572, -5.453, 2.239]
[252, 5.572, -5.453, 2.379]
[253, 5.572, -5.453, 2.379]
[253, 5.569, -5.453, 2.379]
[253, 5.569, -5.366, 2.379]
[253, 5.569, -5.366, 2.348]
[254, 5.569, -5.366, 2.348]
[254, 5.576, -5.366, 2.348]
[254, 5.576, -5.248, 2.348]
[255, 5.576, -5.248, 2.348]
[255, 5.585, -5.248, 2.348]
[255, 5.585, -5.215, 2.348]
[255, 5.585, -5.215, 2.158]
[256, 5.585, -5.215, 2.158]
[256, 5.595, -5.215, 2.158]
[256, 5.595, -5.055, 2.158]
[256, 5.595, -5.055, 2.325]
[257, 5.595, -5.055, 2.325]
[257, 5.600, -5.055, 2.325]
[257, 5.600, -4.928, 2.325]
[257, 5.600, -4.928, 2.357]
[258, 5.600, -4.928, 2.357]
[258, 5.005, -4.928, 2.357]
[258, 5.005, -5.422, 2.357]
[258, 5.005, -5.422, 2.424]
[259, 5.005, -5.422, 2.424]
[260, 5.005, -5.422, 2.424]
[260, 5.619, -5.422, 2.424]
[260, 5.619, -4.608, 2.424]
[260, 5.619, -4.608, 2.357]
[261, 5.619, -4.608, 2.357]
[261, 5.650, -4.608, 2.357]
[261, 5.650, -4.467, 2.357]
[261, 5.650, -4.467, 2.406]
[262, 5.650, -4.467, 2.406]
[262, 5.645, -4.467, 2.406]
[262, 5.645, -4.375, 2.406]
[262, 5.645, -4.375, 2.356]
[263, 5.645, -4.375, 2.356]
[263, 5.648, -4.375, 2.356]
[263, 5.648, -4.283, 2.356]
[263, 5.648, -4.283, 2.326]
[264, 5.648, -4.283, 2.326]
[264, 5.679, -4.283, 2.326]
[264, 5.679, -4.153, 2.326]
[264, 5.679, -4.153, 2.354]
[265, 5.679, -4.153, 2.354]
[265, 5.657, -4.153, 2.354]
[265, 5.657, -3.933, 2.354]
[265, 5.657, -3.933, 2.551]
[266, 5.657, -3.933, 2.551]
[266, 5.651, -3.933, 2.551]
[266, 5.651, -4.000, 2.551]
[266, 5.651, -4.000, 2.246]
[267, 5.651, -4.000, 2.246]
[267, 5.654, -4.000, 2.246]
[267, 5.654, -3.859, 2.246]
[267, 5.654, -3.859, 2.294]
[268, 5.654, -3.859, 2.294]
[268, 5.661, -3.859, 2.294]
[268, 5.661, -3.646, 2.294]
[268, 5.661, -3.646, 2.487]
[269, 5.661, -3.646, 2.487]
[269, 5.670, -3.646, 2.487]
[269, 5.670, -3.650, 2.487]
[269, 5.670, -3.650, 2.305]
[270, 5.670, -3.650, 2.305]
[270, 5.682, -3.650, 2.305]
[270, 5.682, -3.320, 2.305]
[270, 5.682, -3.320, 2.550]
[271, 5.682, -3.320, 2.550]
[271, 5.670, -3.320, 2.550]
[271, 5.670, -3.564, 2.550]
[271, 5.670, -3.564, 2.191]
[272, 5.670, -3.564, 2.191]
[272, 5.695, -3.564, 2.191]
[272, 5.695, -3.537, 2.191]
[272, 5.695, -3.537, 2.291]
[273, 5.695, -3.537, 2.291]
[274, 5.695, -3.537, 2.291]
[274, 5.703, -3.537, 2.291]
[274, 5.703, -3.239, 2.291]
[274, 5.703, -3.239, 2.619]
[275, 5.703, -3.239, 2.619]
[275, 5.694, -3.239, 2.619]
[275, 5.694, -3.447, 2.619]
[275, 5.694, -3.447, 2.309]
[276, 5.694, -3.447, 2.309]
[276, 5.707, -3.447, 2.309]
[276, 5.707, -3.317, 2.309]
[276, 5.707, -3.317, 2.497]
[277, 5.707, -3.317, 2.497]
[277, 5.701, -3.317, 2.497]
[277, 5.701, -3.350, 2.497]
[277, 5.701, -3.350, 2.423]
[278, 5.701, -3.350, 2.423]
[278, 5.724, -3.350, 2.423]
[278, 5.724, -3.349, 2.423]
[278, 5.724, -3.349, 2.453]
[279, 5.724, -3.349, 2.453]
[279, 5.715, -3.349, 2.453]
[279, 5.715, -3.322, 2.453]
[279, 5.715, -3.322, 2.474]
[280, 5.715, -3.322, 2.474]
[280, 5.706, -3.322, 2.474]
[280, 5.706, -3.381, 2.474]
[281, 5.706, -3.381, 2.474]
[281, 5.708, -3.381, 2.474]
[281, 5.708, -3.371, 2.474]
[281, 5.708, -3.371, 2.554]
[282, 5.708, -3.371, 2.554]
[282, 5.742, -3.371, 2.554]
[282, 5.742, -3.347, 2.554]
[282, 5.742, -3.347, 2.624]
[283, 5.742, -3.347, 2.624]
[283, 5.710, -3.347, 2.624]
[283, 5.710, -3.325, 2.624]
[283, 5.710, -3.325, 2.777]
[284, 5.710, -3.325, 2.777]
[284, 5.706, -3.325, 2.777]
[284, 5.706, -3.362, 2.777]
[284, 5.706, -3.362, 2.806]
[289, 5.706, -3.362, 2.806]
[289, 5.726, -3.362, 2.806]
[289, 5.726, -3.306, 2.806]
[289, 5.726, -3.306, 2.924]
[290, 5.726, -3.306, 2.924]
[290, 5.771, -3.306, 2.924]
[290, 5.771, -3.287, 2.924]
[290, 5.771, -3.287, 3.044]
[291, 5.771, -3.287, 3.044]
[291, 5.834, -3.287, 3.044]
[291, 5.834, -3.224, 3.044]
[291, 5.834, -3.224, 2.937]
[292, 5.834, -3.224, 2.937]
[292, 5.664, -3.224, 2.937]
[292, 5.664, -3.393, 2.937]
[292, 5.664, -3.393, 3.241]
[293, 5.664, -3.393, 3.241]
[293, 5.702, -3.393, 3.241]
[293, 5.702, -3.360, 3.241]
[293, 5.702, -3.360, 3.242]
[294, 5.702, -3.360, 3.242]
[294, 5.680, -3.360, 3.242]
[294, 5.680, -3.230, 3.242]
[294, 5.680, -3.230, 3.398]
[295, 5.680, -3.230, 3.398]
[295, 5.695, -3.230, 3.398]
[295, 5.695, -3.240, 3.398]
[295, 5.695, -3.240, 3.418]
[296, 5.695, -3.240, 3.418]
[296, 5.694, -3.240, 3.418]
[296, 5.694, -3.246, 3.418]
[296, 5.694, -3.246, 3.416]
[297, 5.694, -3.246, 3.416]
[297, 5.665, -3.246, 3.416]
[297, 5.665, -3.275, 3.416]
[297, 5.665, -3.275, 3.413]
[298, 5.665, -3.275, 3.413]
[298, 5.699, -3.275, 3.413]
[298, 5.699, -3.263, 3.413]
[298, 5.699, -3.263, 3.400]
[299, 5.699, -3.263, 3.400]
[299, 5.533, -3.263, 3.400]
[299, 5.533, -3.483, 3.400]
[299, 5.533, -3.483, 3.409]
[300, 5.533, -3.483, 3.409]
[300, 5.644, -3.483, 3.409]
[300, 5.644, -3.353, 3.409]
[300, 5.644, -3.353, 3.390]
[301, 5.644, -3.353, 3.390]
[301, 5.664, -3.353, 3.390]
[301, 5.664, -3.162, 3.390]
[301, 5.664, -3.162, 3.522]
[302, 5.664, -3.162, 3.522]
[302, 5.698, -3.162, 3.522]
[302, 5.698, -3.600, 3.522]
[302, 5.698, -3.600, 3.044]
[303, 5.698, -3.600, 3.044]
[303, 5.702, -3.600, 3.044]
[303, 5.702, -3.434, 3.044]
[303, 5.702, -3.434, 3.351]
[304, 5.702, -3.434, 3.351]
[304, 5.685, -3.434, 3.351]
[304, 5.685, -3.498, 3.351]
[304, 5.685, -3.498, 3.393]
[305, 5.685, -3.498, 3.393]
[305, 5.702, -3.498, 3.393]
[305, 5.702, -3.585, 3.393]
[305, 5.702, -3.585, 3.386]
[306, 5.702, -3.585, 3.386]
[306, 5.644, -3.585, 3.386]
[306, 5.644, -3.783, 3.386]
[306, 5.644, -3.783, 3.346]
[307, 5.644, -3.783, 3.346]
[307, 5.693, -3.783, 3.346]
[307, 5.693, -3.817, 3.346]
[307, 5.693, -3.817, 3.349]
[308, 5.693, -3.817, 3.349]
[308, 5.707, -3.817, 3.349]
[308, 5.707, -3.837, 3.349]
[308, 5.707, -3.837, 3.372]
[309, 5.707, -3.837, 3.372]
[309, 5.732, -3.837, 3.372]
[309, 5.732, -3.904, 3.372]
[309, 5.732, -3.904, 3.398]
[310, 5.732, -3.904, 3.398]
[310, 5.787, -3.904, 3.398]
[310, 5.787, -4.071, 3.398]
[310, 5.787, -4.071, 3.457]
[311, 5.787, -4.071, 3.457]
[312, 5.787, -4.071, 3.457]
[312, 5.671, -4.071, 3.457]
[312, 5.671, -4.201, 3.457]
[312, 5.671, -4.201, 3.426]
[313, 5.671, -4.201, 3.426]
[313, 5.692, -4.201, 3.426]
[313, 5.692, -4.287, 3.426]
[313, 5.692, -4.287, 3.453]
[314, 5.692, -4.287, 3.453]
[314, 5.828, -4.287, 3.453]
[314, 5.828, -4.462, 3.453]
[314, 5.828, -4.462, 3.643]
[315, 5.828, -4.462, 3.643]
[315, 5.817, -4.462, 3.643]
[315, 5.817, -4.520, 3.643]
[315, 5.817, -4.520, 3.578]
[316, 5.817, -4.520, 3.578]
[316, 5.720, -4.520, 3.578]
[316, 5.720, -4.602, 3.578]
[316, 5.720, -4.602, 3.463]
[317, 5.720, -4.602, 3.463]
[317, 5.709, -4.602, 3.463]
[317, 5.709, -4.598, 3.463]
[317, 5.709, -4.598, 3.472]
[318, 5.709, -4.598, 3.472]
[318, 5.708, -4.598, 3.472]
[318, 5.708, -4.690, 3.472]
[318, 5.708, -4.690, 3.497]
[319, 5.708, -4.690, 3.497]
[319, 5.698, -4.690, 3.497]
[319, 5.698, -4.811, 3.497]
[319, 5.698, -4.811, 3.475]
[320, 5.698, -4.811, 3.475]
[320, 5.662, -4.811, 3.475]
[320, 5.662, -4.952, 3.475]
[320, 5.662, -4.952, 3.411]
[321, 5.662, -4.952, 3.411]
[321, 5.690, -4.952, 3.411]
[321, 5.690, -5.029, 3.411]
[321, 5.690, -5.029, 3.419]
[322, 5.690, -5.029, 3.419]
[322, 5.669, -5.029, 3.419]
[322, 5.669, -5.048, 3.419]
[322, 5.669, -5.048, 3.557]
[323, 5.669, -5.048, 3.557]
[323, 5.675, -5.048, 3.557]
[323, 5.675, -5.283, 3.557]
[323, 5.675, -5.283, 3.338]
[324, 5.675, -5.283, 3.338]
[324, 5.657, -5.283, 3.338]
[324, 5.657, -5.391, 3.338]
[324, 5.657, -5.391, 3.299]
[325, 5.657, -5.391, 3.299]
[325, 5.677, -5.391, 3.299]
[325, 5.677, -5.462, 3.299]
[325, 5.677, -5.462, 3.372]
[326, 5.677, -5.462, 3.372]
[326, 5.670, -5.462, 3.372]
[326, 5.670, -5.565, 3.372]
[326, 5.670, -5.565, 3.345]
[327, 5.670, -5.565, 3.345]
[327, 5.681, -5.565, 3.345]
[327, 5.681, -5.660, 3.345]
[327, 5.681, -5.660, 3.366]
[328, 5.681, -5.660, 3.366]
[328, 5.680, -5.660, 3.366]
[328, 5.680, -5.759, 3.366]
[328, 5.680, -5.759, 3.360]
[329, 5.680, -5.759, 3.360]
[329, 5.684, -5.759, 3.360]
[329, 5.684, -5.852, 3.360]
[329, 5.684, -5.852, 3.381]
[330, 5.684, -5.852, 3.381]
[330, 5.667, -5.852, 3.381]
[330, 5.667, -5.813, 3.381]
[330, 5.667, -5.813, 3.590]
[331, 5.667, -5.813, 3.590]
[331, 5.683, -5.813, 3.590]
[331, 5.683, -6.049, 3.590]
[331, 5.683, -6.049, 3.366]
[332, 5.683, -6.049, 3.366]
[333, 5.683, -6.049, 3.366]
[333, 5.666, -6.049, 3.366]
[333, 5.666, -6.306, 3.366]
[333, 5.666, -6.306, 3.428]
[334, 5.666, -6.306, 3.428]
[335, 5.666, -6.306, 3.428]
[336, 5.666, -6.306, 3.428]
[336, 5.424, -6.306, 3.428]
[336, 5.424, -6.698, 3.428]
[336, 5.424, -6.698, 2.724]
[337, 5.424, -6.698, 2.724]
[338, 5.424, -6.698, 2.724]
[338, 5.666, -6.698, 2.724]
[338, 5.666, -6.863, 2.724]
[338, 5.666, -6.863, 3.310]
[343, 5.666, -6.863, 3.310]
[343, 5.665, -6.863, 3.310]
[343, 5.665, -6.973, 3.310]
[343, 5.665, -6.973, 3.287]
[344, 5.665, -6.973, 3.287]
[344, 5.651, -6.973, 3.287]
[344, 5.651, -7.083, 3.287]
[344, 5.651, -7.083, 3.230]
[345, 5.651, -7.083, 3.230]
[345, 5.908, -7.083, 3.230]
[345, 5.908, -7.171, 3.230]
[345, 5.908, -7.171, 3.765]
[346, 5.908, -7.171, 3.765]
[346, 5.663, -7.171, 3.765]
[346, 5.663, -7.260, 3.765]
[346, 5.663, -7.260, 3.296]
[347, 5.663, -7.260, 3.296]
[347, 5.872, -7.260, 3.296]
[347, 5.872, -7.332, 3.296]
[347, 5.872, -7.332, 3.837]
[348, 5.872, -7.332, 3.837]
[349, 5.872, -7.332, 3.837]
[349, 5.725, -7.332, 3.837]
[349, 5.725, -7.491, 3.837]
[349, 5.725, -7.491, 3.619]
[350, 5.725, -7.491, 3.619]
[350, 5.769, -7.491, 3.619]
[350, 5.769, -7.691, 3.619]
[350, 5.769, -7.691, 3.572]
[351, 5.769, -7.691, 3.572]
[351, 5.663, -7.691, 3.572]
[351, 5.663, -7.799, 3.572]
[351, 5.663, -7.799, 3.305]
[352, 5.663, -7.799, 3.305]
[352, 5.682, -7.799, 3.305]
[352, 5.682, -7.866, 3.305]
[352, 5.682, -7.866, 3.358]
[353, 5.682, -7.866, 3.358]
[353, 5.713, -7.866, 3.358]
[353, 5.713, -7.945, 3.358]
[353, 5.713, -7.945, 3.398]
[354, 5.713, -7.945, 3.398]
[354, 5.759, -7.945, 3.398]
[354, 5.759, -8.023, 3.398]
[354, 5.759, -8.023, 3.431]
[355, 5.759, -8.023, 3.431]
[355, 5.736, -8.023, 3.431]
[355, 5.736, -8.158, 3.431]
[355, 5.736, -8.158, 3.413]
[356, 5.736, -8.158, 3.413]
[356, 5.790, -8.158, 3.413]
[356, 5.790, -8.221, 3.413]
[356, 5.790, -8.221, 3.439]
[357, 5.790, -8.221, 3.439]
[357, 5.653, -8.221, 3.439]
[357, 5.653, -8.459, 3.439]
[357, 5.653, -8.459, 3.135]
[358, 5.653, -8.459, 3.135]
[358, 5.703, -8.459, 3.135]
[358, 5.703, -8.372, 3.135]
[358, 5.703, -8.372, 3.650]
[359, 5.703, -8.372, 3.650]
[359, 5.712, -8.372, 3.650]
[359, 5.712, -8.593, 3.650]
[359, 5.712, -8.593, 3.361]
[360, 5.712, -8.593, 3.361]
[360, 5.693, -8.593, 3.361]
[360, 5.693, -8.716, 3.361]
[360, 5.693, -8.716, 3.314]
[361, 5.693, -8.716, 3.314]
[361, 5.751, -8.716, 3.314]
[361, 5.751, -8.786, 3.314]
[361, 5.751, -8.786, 3.392]
[362, 5.751, -8.786, 3.392]
[362, 5.772, -8.786, 3.392]
[362, 5.772, -8.752, 3.392]
[362, 5.772, -8.752, 3.377]
[363, 5.772, -8.752, 3.377]
[363, 5.752, -8.752, 3.377]
[363, 5.752, -8.747, 3.377]
[363, 5.752, -8.747, 3.392]
[364, 5.752, -8.747, 3.392]
[364, 5.816, -8.747, 3.392]
[364, 5.816, -8.735, 3.392]
[364, 5.816, -8.735, 3.419]
[365, 5.816, -8.735, 3.419]
[365, 5.732, -8.735, 3.419]
[365, 5.732, -8.851, 3.419]
[365, 5.732, -8.851, 3.344]
[366, 5.732, -8.851, 3.344]
[366, 5.728, -8.851, 3.344]
[366, 5.728, -8.890, 3.344]
[366, 5.728, -8.890, 3.314]
[367, 5.728, -8.890, 3.314]
[367, 5.759, -8.890, 3.314]
[367, 5.759, -8.881, 3.314]
[367, 5.759, -8.881, 3.379]
[368, 5.759, -8.881, 3.379]
[368, 5.749, -8.881, 3.379]
[368, 5.749, -8.901, 3.379]
[368, 5.749, -8.901, 3.365]
[369, 5.749, -8.901, 3.365]
[369, 5.760, -8.901, 3.365]
[369, 5.760, -8.911, 3.365]
[369, 5.760, -8.911, 3.353]
[370, 5.760, -8.911, 3.353]
[370, 5.806, -8.911, 3.353]
[370, 5.806, -8.863, 3.353]
[370, 5.806, -8.863, 3.404]
[371, 5.806, -8.863, 3.404]
[371, 5.811, -8.863, 3.404]
[371, 5.811, -8.859, 3.404]
[371, 5.811, -8.859, 3.434]
[372, 5.811, -8.859, 3.434]
[372, 5.738, -8.859, 3.434]
[372, 5.738, -8.920, 3.434]
[372, 5.738, -8.920, 3.325]
[373, 5.738, -8.920, 3.325]
[373, 5.899, -8.920, 3.325]
[373, 5.899, -8.924, 3.325]
[373, 5.899, -8.924, 3.338]
[374, 5.899, -8.924, 3.338]
[374, 5.971, -8.924, 3.338]
[374, 5.971, -8.958, 3.338]
[374, 5.971, -8.958, 3.313]
[375, 5.971, -8.958, 3.313]
[375, 6.059, -8.958, 3.313]
[375, 6.059, -8.977, 3.313]
[375, 6.059, -8.977, 3.311]
[376, 6.059, -8.977, 3.311]
[376, 6.157, -8.977, 3.311]
[376, 6.157, -8.946, 3.311]
[376, 6.157, -8.946, 3.374]
[377, 6.157, -8.946, 3.374]
[377, 6.236, -8.946, 3.374]
[377, 6.236, -8.967, 3.374]
[377, 6.236, -8.967, 3.383]
[378, 6.236, -8.967, 3.383]
[378, 6.381, -8.967, 3.383]
[378, 6.381, -8.970, 3.383]
[378, 6.381, -8.970, 3.473]
[379, 6.381, -8.970, 3.473]
[379, 6.422, -8.970, 3.473]
[379, 6.422, -8.991, 3.473]
[379, 6.422, -8.991, 3.354]
[380, 6.422, -8.991, 3.354]
[380, 6.520, -8.991, 3.354]
[380, 6.520, -9.008, 3.354]
[380, 6.520, -9.008, 3.345]
[381, 6.520, -9.008, 3.345]
[381, 6.621, -9.008, 3.345]
[381, 6.621, -8.985, 3.345]
[381, 6.621, -8.985, 3.396]
[382, 6.621, -8.985, 3.396]
[382, 6.711, -8.985, 3.396]
[382, 6.711, -8.929, 3.396]
[382, 6.711, -8.929, 3.571]
[383, 6.711, -8.929, 3.571]
[383, 6.860, -8.929, 3.571]
[383, 6.860, -8.930, 3.571]
[383, 6.860, -8.930, 3.566]
[384, 6.860, -8.930, 3.566]
[384, 6.883, -8.930, 3.566]
[384, 6.883, -9.029, 3.566]
[384, 6.883, -9.029, 3.342]
[385, 6.883, -9.029, 3.342]
[385, 6.999, -9.029, 3.342]
[385, 6.999, -9.025, 3.342]
[385, 6.999, -9.025, 3.394]
[386, 6.999, -9.025, 3.394]
[386, 7.122, -9.025, 3.394]
[386, 7.122, -8.921, 3.394]
[386, 7.122, -8.921, 3.620]
[387, 7.122, -8.921, 3.620]
[387, 7.225, -8.921, 3.620]
[387, 7.225, -8.937, 3.620]
[387, 7.225, -8.937, 3.619]
[388, 7.225, -8.937, 3.619]
[388, 7.273, -8.937, 3.619]
[388, 7.273, -8.962, 3.619]
[388, 7.273, -8.962, 3.549]
[389, 7.273, -8.962, 3.549]
[389, 7.388, -8.962, 3.549]
[389, 7.388, -9.018, 3.549]
[389, 7.388, -9.018, 3.451]
[390, 7.388, -9.018, 3.451]
[390, 7.416, -9.018, 3.451]
[390, 7.416, -9.014, 3.451]
[390, 7.416, -9.014, 3.395]
[391, 7.416, -9.014, 3.395]
[391, 7.567, -9.014, 3.395]
[391, 7.567, -8.990, 3.395]
[391, 7.567, -8.990, 3.544]
[392, 7.567, -8.990, 3.544]
[392, 7.641, -8.990, 3.544]
[392, 7.641, -8.968, 3.544]
[392, 7.641, -8.968, 3.511]
[393, 7.641, -8.968, 3.511]
[393, 7.756, -8.968, 3.511]
[393, 7.756, -8.995, 3.511]
[393, 7.756, -8.995, 3.501]
[398, 7.756, -8.995, 3.501]
[398, 7.838, -8.995, 3.501]
[398, 7.838, -9.045, 3.501]
[398, 7.838, -9.045, 3.407]
[399, 7.838, -9.045, 3.407]
[399, 7.922, -9.045, 3.407]
[399, 7.922, -9.050, 3.407]
[399, 7.922, -9.050, 3.395]
[400, 7.922, -9.050, 3.395]
[400, 8.030, -9.050, 3.395]
[400, 8.030, -9.041, 3.395]
[400, 8.030, -9.041, 3.418]
[401, 8.030, -9.041, 3.418]
[401, 8.112, -9.041, 3.418]
[401, 8.112, -9.033, 3.418]
[401, 8.112, -9.033, 3.451]
[402, 8.112, -9.033, 3.451]
[402, 8.303, -9.033, 3.451]
[402, 8.303, -9.062, 3.451]
[402, 8.303, -9.062, 3.486]
[403, 8.303, -9.062, 3.486]
[403, 8.291, -9.062, 3.486]
[403, 8.291, -9.022, 3.486]
[403, 8.291, -9.022, 3.479]
[404, 8.291, -9.022, 3.479]
[404, 8.474, -9.022, 3.479]
[404, 8.474, -9.060, 3.479]
[404, 8.474, -9.060, 3.446]
[405, 8.474, -9.060, 3.446]
[405, 8.552, -9.060, 3.446]
[405, 8.552, -9.050, 3.446]
[405, 8.552, -9.050, 3.443]
[406, 8.552, -9.050, 3.443]
[406, 8.591, -9.050, 3.443]
[406, 8.591, -9.052, 3.443]
[406, 8.591, -9.052, 3.402]
[407, 8.591, -9.052, 3.402]
[407, 8.690, -9.052, 3.402]
[407, 8.690, -9.034, 3.402]
[407, 8.690, -9.034, 3.403]
[408, 8.690, -9.034, 3.403]
[408, 8.787, -9.034, 3.403]
[408, 8.787, -9.047, 3.403]
[408, 8.787, -9.047, 3.432]
[409, 8.787, -9.047, 3.432]
[409, 8.953, -9.047, 3.432]
[409, 8.953, -9.038, 3.432]
[409, 8.953, -9.038, 3.486]
[410, 8.953, -9.038, 3.486]
[410, 8.974, -9.038, 3.486]
[410, 8.974, -9.035, 3.486]
[410, 8.974, -9.035, 3.464]
[411, 8.974, -9.035, 3.464]
[411, 9.005, -9.035, 3.464]
[411, 9.005, -9.029, 3.464]
[411, 9.005, -9.029, 3.497]
[412, 9.005, -9.029, 3.497]
[412, 8.856, -9.029, 3.497]
[412, 8.856, -9.029, 3.368]
[413, 8.856, -9.029, 3.368]
[414, 8.856, -9.029, 3.368]
[414, 8.952, -9.029, 3.368]
[414, 8.952, -9.024, 3.368]
[414, 8.952, -9.024, 3.430]
[415, 8.952, -9.024, 3.430]
[415, 8.918, -9.024, 3.430]
[415, 8.918, -9.018, 3.430]
[415, 8.918, -9.018, 3.407]
[416, 8.918, -9.018, 3.407]
[416, 8.923, -9.018, 3.407]
[416, 8.923, -9.029, 3.407]
[416, 8.923, -9.029, 3.395]
[417, 8.923, -9.029, 3.395]
[417, 8.935, -9.029, 3.395]
[417, 8.935, -8.997, 3.395]
[417, 8.935, -8.997, 3.440]
[418, 8.935, -8.997, 3.440]
[418, 8.940, -8.997, 3.440]
[418, 8.940, -8.986, 3.440]
[418, 8.940, -8.986, 3.436]
[419, 8.940, -8.986, 3.436]
[419, 8.843, -8.986, 3.436]
[419, 8.843, -8.883, 3.436]
[419, 8.843, -8.883, 3.631]
[420, 8.843, -8.883, 3.631]
[420, 8.911, -8.883, 3.631]
[420, 8.911, -8.863, 3.631]
[420, 8.911, -8.863, 3.357]
[421, 8.911, -8.863, 3.357]
[421, 8.916, -8.863, 3.357]
[421, 8.916, -8.762, 3.357]
[421, 8.916, -8.762, 3.454]
[422, 8.916, -8.762, 3.454]
[422, 8.952, -8.762, 3.454]
[422, 8.952, -8.691, 3.454]
[422, 8.952, -8.691, 3.443]
[423, 8.952, -8.691, 3.443]
[423, 8.950, -8.691, 3.443]
[423, 8.950, -8.604, 3.443]
[423, 8.950, -8.604, 3.469]
[424, 8.950, -8.604, 3.469]
[424, 8.944, -8.604, 3.469]
[424, 8.944, -8.431, 3.469]
[424, 8.944, -8.431, 3.629]
[425, 8.944, -8.431, 3.629]
[425, 8.968, -8.431, 3.629]
[425, 8.968, -8.386, 3.629]
[425, 8.968, -8.386, 3.611]
[426, 8.968, -8.386, 3.611]
[426, 8.910, -8.386, 3.611]
[426, 8.910, -8.225, 3.611]
[426, 8.910, -8.225, 3.719]
[427, 8.910, -8.225, 3.719]
[427, 8.962, -8.225, 3.719]
[427, 8.962, -8.223, 3.719]
[427, 8.962, -8.223, 3.571]
[428, 8.962, -8.223, 3.571]
[428, 8.971, -8.223, 3.571]
[428, 8.971, -8.166, 3.571]
[428, 8.971, -8.166, 3.476]
[429, 8.971, -8.166, 3.476]
[429, 8.978, -8.166, 3.476]
[429, 8.978, -8.069, 3.476]
[429, 8.978, -8.069, 3.526]
[430, 8.978, -8.069, 3.526]
[430, 8.991, -8.069, 3.526]
[430, 8.991, -8.012, 3.526]
[430, 8.991, -8.012, 3.514]
[431, 8.991, -8.012, 3.514]
[431, 8.999, -8.012, 3.514]
[431, 8.999, -7.908, 3.514]
[431, 8.999, -7.908, 3.524]
[432, 8.999, -7.908, 3.524]
[432, 8.974, -7.908, 3.524]
[432, 8.974, -7.787, 3.524]
[432, 8.974, -7.787, 3.595]
[433, 8.974, -7.787, 3.595]
[433, 8.975, -7.787, 3.595]
[433, 8.975, -7.681, 3.595]
[433, 8.975, -7.681, 3.642]
[434, 8.975, -7.681, 3.642]
[434, 9.005, -7.681, 3.642]
[434, 9.005, -7.627, 3.642]
[434, 9.005, -7.627, 3.581]
[435, 9.005, -7.627, 3.581]
[435, 8.974, -7.627, 3.581]
[435, 8.974, -7.611, 3.581]
[435, 8.974, -7.611, 3.450]
[436, 8.974, -7.611, 3.450]
[436, 8.980, -7.611, 3.450]
[436, 8.980, -7.515, 3.450]
[436, 8.980, -7.515, 3.527]
[437, 8.980, -7.515, 3.527]
[437, 9.037, -7.515, 3.527]
[437, 9.037, -7.337, 3.527]
[437, 9.037, -7.337, 3.622]
[438, 9.037, -7.337, 3.622]
[438, 8.985, -7.337, 3.622]
[438, 8.985, -7.329, 3.622]
[438, 8.985, -7.329, 3.565]
[439, 8.985, -7.329, 3.565]
[439, 8.983, -7.329, 3.565]
[439, 8.983, -7.191, 3.565]
[439, 8.983, -7.191, 3.701]
[440, 8.983, -7.191, 3.701]
[440, 8.993, -7.191, 3.701]
[440, 8.993, -7.115, 3.701]
[440, 8.993, -7.115, 3.686]
[441, 8.993, -7.115, 3.686]
[441, 9.035, -7.115, 3.686]
[441, 9.035, -7.020, 3.686]
[441, 9.035, -7.020, 3.593]
[442, 9.035, -7.020, 3.593]
[442, 9.012, -7.020, 3.593]
[442, 9.012, -7.019, 3.593]
[442, 9.012, -7.019, 3.555]
[443, 9.012, -7.019, 3.555]
[443, 9.010, -7.019, 3.555]
[443, 9.010, -6.970, 3.555]
[443, 9.010, -6.970, 3.524]
[444, 9.010, -6.970, 3.524]
[444, 9.003, -6.970, 3.524]
[444, 9.003, -6.916, 3.524]
[444, 9.003, -6.916, 3.476]
[445, 9.003, -6.916, 3.476]
[445, 9.019, -6.916, 3.476]
[445, 9.019, -6.796, 3.476]
[445, 9.019, -6.796, 3.526]
[446, 9.019, -6.796, 3.526]
[446, 9.070, -6.796, 3.526]
[446, 9.070, -6.684, 3.526]
[446, 9.070, -6.684, 3.455]
[447, 9.070, -6.684, 3.455]
[447, 9.075, -6.684, 3.455]
[447, 9.075, -6.612, 3.455]
[447, 9.075, -6.612, 3.439]
[448, 9.075, -6.612, 3.439]
[448, 9.041, -6.612, 3.439]
[448, 9.041, -6.551, 3.439]
[448, 9.041, -6.551, 3.486]
[453, 9.041, -6.551, 3.486]
[453, 9.083, -6.551, 3.486]
[453, 9.083, -6.419, 3.486]
[453, 9.083, -6.419, 3.450]
[454, 9.083, -6.419, 3.450]
[454, 9.034, -6.419, 3.450]
[454, 9.034, -6.255, 3.450]
[454, 9.034, -6.255, 3.732]
[455, 9.034, -6.255, 3.732]
[455, 9.091, -6.255, 3.732]
[455, 9.091, -6.223, 3.732]
[455, 9.091, -6.223, 3.559]
[456, 9.091, -6.223, 3.559]
[456, 9.137, -6.223, 3.559]
[456, 9.137, -6.116, 3.559]
[456, 9.137, -6.116, 3.512]
[457, 9.137, -6.116, 3.512]
[457, 9.095, -6.116, 3.512]
[457, 9.095, -6.095, 3.512]
[457, 9.095, -6.095, 3.541]
[458, 9.095, -6.095, 3.541]
[458, 9.144, -6.095, 3.541]
[458, 9.144, -5.922, 3.541]
[458, 9.144, -5.922, 3.453]
[459, 9.144, -5.922, 3.453]
[459, 9.162, -5.922, 3.453]
[459, 9.162, -5.818, 3.453]
[459, 9.162, -5.818, 3.405]
[460, 9.162, -5.818, 3.405]
[460, 9.238, -5.818, 3.405]
[460, 9.238, -5.673, 3.405]
[460, 9.238, -5.673, 3.305]
[461, 9.238, -5.673, 3.305]
[461, 9.230, -5.673, 3.305]
[461, 9.230, -5.559, 3.305]
[461, 9.230, -5.559, 3.316]
[462, 9.230, -5.559, 3.316]
[462, 9.171, -5.559, 3.316]
[462, 9.171, -5.536, 3.316]
[462, 9.171, -5.536, 3.451]
[463, 9.171, -5.536, 3.451]
[463, 9.145, -5.536, 3.451]
[463, 9.145, -5.391, 3.451]
[463, 9.145, -5.391, 3.559]
[464, 9.145, -5.391, 3.559]
[464, 9.173, -5.391, 3.559]
[464, 9.173, -5.509, 3.559]
[464, 9.173, -5.509, 3.170]
[465, 9.173, -5.509, 3.170]
[465, 9.240, -5.509, 3.170]
[465, 9.240, -5.128, 3.170]
[465, 9.240, -5.128, 3.225]
[466, 9.240, -5.128, 3.225]
[466, 9.176, -5.128, 3.225]
[466, 9.176, -5.084, 3.225]
[466, 9.176, -5.084, 3.527]
[467, 9.176, -5.084, 3.527]
[467, 9.174, -5.084, 3.527]
[467, 9.174, -4.972, 3.527]
[467, 9.174, -4.972, 3.563]
[468, 9.174, -4.972, 3.563]
[468, 9.200, -4.972, 3.563]
[468, 9.200, -4.889, 3.563]
[468, 9.200, -4.889, 3.503]
[469, 9.200, -4.889, 3.503]
[469, 9.213, -4.889, 3.503]
[469, 9.213, -4.798, 3.503]
[469, 9.213, -4.798, 3.479]
[470, 9.213, -4.798, 3.479]
[470, 9.206, -4.798, 3.479]
[470, 9.206, -4.689, 3.479]
[470, 9.206, -4.689, 3.519]
[471, 9.206, -4.689, 3.519]
[471, 9.209, -4.689, 3.519]
[471, 9.209, -4.573, 3.519]
[471, 9.209, -4.573, 3.535]
[472, 9.209, -4.573, 3.535]
[472, 9.226, -4.573, 3.535]
[472, 9.226, -4.488, 3.535]
[472, 9.226, -4.488, 3.453]
[473, 9.226, -4.488, 3.453]
[473, 9.232, -4.488, 3.453]
[473, 9.232, -4.351, 3.453]
[473, 9.232, -4.351, 3.517]
[474, 9.232, -4.351, 3.517]
[474, 9.238, -4.351, 3.517]
[474, 9.238, -4.251, 3.517]
[474, 9.238, -4.251, 3.519]
[475, 9.238, -4.251, 3.519]
[475, 9.235, -4.251, 3.519]
[475, 9.235, -4.150, 3.519]
[475, 9.235, -4.150, 3.520]
[476, 9.235, -4.150, 3.520]
[476, 9.272, -4.150, 3.520]
[476, 9.272, -4.053, 3.520]
[476, 9.272, -4.053, 3.500]
[477, 9.272, -4.053, 3.500]
[477, 9.288, -4.053, 3.500]
[477, 9.288, -3.979, 3.500]
[477, 9.288, -3.979, 3.454]
[478, 9.288, -3.979, 3.454]
[478, 9.279, -3.979, 3.454]
[478, 9.279, -3.894, 3.454]
[478, 9.279, -3.894, 3.429]
[479, 9.279, -3.894, 3.429]
[479, 9.291, -3.894, 3.429]
[479, 9.291, -3.791, 3.429]
[479, 9.291, -3.791, 3.431]
[480, 9.291, -3.791, 3.431]
[481, 9.291, -3.791, 3.431]
[481, 9.312, -3.791, 3.431]
[481, 9.312, -3.607, 3.431]
[481, 9.312, -3.607, 3.466]
[482, 9.312, -3.607, 3.466]
[482, 9.372, -3.607, 3.466]
[482, 9.372, -3.411, 3.466]
[482, 9.372, -3.411, 3.395]
[483, 9.372, -3.411, 3.395]
[483, 9.290, -3.411, 3.395]
[483, 9.290, -3.753, 3.395]
[483, 9.290, -3.753, 2.968]
[484, 9.290, -3.753, 2.968]
[484, 9.376, -3.753, 2.968]
[484, 9.376, -3.296, 2.968]
[484, 9.376, -3.296, 3.394]
[485, 9.376, -3.296, 3.394]
[485, 9.373, -3.296, 3.394]
[485, 9.373, -3.311, 3.394]
[485, 9.373, -3.311, 3.416]
[486, 9.373, -3.311, 3.416]
[486, 9.305, -3.311, 3.416]
[486, 9.305, -3.358, 3.416]
[486, 9.305, -3.358, 3.494]
[487, 9.305, -3.358, 3.494]
[487, 9.294, -3.358, 3.494]
[487, 9.294, -3.327, 3.494]
[487, 9.294, -3.327, 3.510]
[488, 9.294, -3.327, 3.510]
[488, 9.525, -3.327, 3.510]
[488, 9.525, -3.115, 3.510]
[488, 9.525, -3.115, 3.142]
[489, 9.525, -3.115, 3.142]
[489, 9.304, -3.115, 3.142]
[489, 9.304, -3.303, 3.142]
[489, 9.304, -3.303, 3.553]
[490, 9.304, -3.303, 3.553]
[490, 9.425, -3.303, 3.553]
[490, 9.425, -3.294, 3.553]
[490, 9.425, -3.294, 3.666]
[491, 9.425, -3.294, 3.666]
[491, 9.325, -3.294, 3.666]
[491, 9.325, -3.229, 3.666]
[491, 9.325, -3.229, 3.556]
[492, 9.325, -3.229, 3.556]
[492, 9.330, -3.229, 3.556]
[492, 9.330, -3.254, 3.556]
[492, 9.330, -3.254, 3.577]
[493, 9.330, -3.254, 3.577]
[493, 9.365, -3.254, 3.577]
[493, 9.365, -3.225, 3.577]
[493, 9.365, -3.225, 3.382]
[494, 9.365, -3.225, 3.382]
[494, 9.345, -3.225, 3.382]
[494, 9.345, -3.217, 3.382]
[494, 9.345, -3.217, 3.403]
[495, 9.345, -3.217, 3.403]
[495, 9.332, -3.217, 3.403]
[495, 9.332, -3.222, 3.403]
[495, 9.332, -3.222, 3.306]
[496, 9.332, -3.222, 3.306]
[496, 9.351, -3.222, 3.306]
[496, 9.351, -3.201, 3.306]
[496, 9.351, -3.201, 3.243]
[497, 9.351, -3.201, 3.243]
[497, 9.325, -3.201, 3.243]
[497, 9.325, -3.210, 3.243]
[497, 9.325, -3.210, 3.115]
[498, 9.325, -3.210, 3.115]
[498, 9.349, -3.210, 3.115]
[498, 9.349, -3.176, 3.115]
[498, 9.349, -3.176, 3.052]
[499, 9.349, -3.176, 3.052]
[499, 9.320, -3.176, 3.052]
[499, 9.320, -3.207, 3.052]
[499, 9.320, -3.207, 2.962]
[500, 9.320, -3.207, 2.962]
[500, 9.350, -3.207, 2.962]
[500, 9.350, -3.151, 2.962]
[500, 9.350, -3.151, 2.660]
[501, 9.350, -3.151, 2.660]
[501, 9.346, -3.151, 2.660]
[501, 9.346, -3.162, 2.660]
[502, 9.346, -3.162, 2.660]
[502, 9.309, -3.162, 2.660]
[502, 9.309, -3.199, 2.660]
[502, 9.309, -3.199, 2.678]
[503, 9.309, -3.199, 2.678]
[503, 9.367, -3.199, 2.678]
[503, 9.367, -3.224, 2.678]
[503, 9.367, -3.224, 2.672]
[508, 9.367, -3.224, 2.672]
[508, 9.276, -3.224, 2.672]
[508, 9.276, -3.136, 2.672]
[508, 9.276, -3.136, 2.601]
[509, 9.276, -3.136, 2.601]
[509, 9.278, -3.136, 2.601]
[509, 9.278, -3.237, 2.601]
[509, 9.278, -3.237, 2.382]
[510, 9.278, -3.237, 2.382]
[511, 9.278, -3.237, 2.382]
[511, 9.261, -3.237, 2.382]
[511, 9.261, -3.258, 2.382]
[511, 9.261, -3.258, 2.213]
[512, 9.261, -3.258, 2.213]
[512, 9.260, -3.258, 2.213]
[512, 9.260, -3.242, 2.213]
[512, 9.260, -3.242, 2.024]
[513, 9.260, -3.242, 2.024]
[513, 9.288, -3.242, 2.024]
[513, 9.288, -3.263, 2.024]
[513, 9.288, -3.263, 2.028]
[514, 9.288, -3.263, 2.028]
[514, 9.255, -3.263, 2.028]
[514, 9.255, -3.267, 2.028]
[514, 9.255, -3.267, 1.912]
[515, 9.255, -3.267, 1.912]
[515, 9.270, -3.267, 1.912]
[515, 9.270, -3.246, 1.912]
[515, 9.270, -3.246, 1.720]
[516, 9.270, -3.246, 1.720]
[516, 9.222, -3.246, 1.720]
[516, 9.222, -3.306, 1.720]
[516, 9.222, -3.306, 1.618]
[517, 9.222, -3.306, 1.618]
[517, 9.227, -3.306, 1.618]
[517, 9.227, -3.300, 1.618]
[517, 9.227, -3.300, 1.649]
[518, 9.227, -3.300, 1.649]
[518, 9.223, -3.300, 1.649]
[518, 9.223, -3.325, 1.649]
[518, 9.223, -3.325, 1.604]
[519, 9.223, -3.325, 1.604]
[519, 9.221, -3.325, 1.604]
[519, 9.221, -3.348, 1.604]
[519, 9.221, -3.348, 1.488]
[520, 9.221, -3.348, 1.488]
[520, 9.220, -3.348, 1.488]
[520, 9.220, -3.297, 1.488]
[520, 9.220, -3.297, 1.735]
[521, 9.220, -3.297, 1.735]
[521, 9.206, -3.297, 1.735]
[521, 9.206, -3.314, 1.735]
[521, 9.206, -3.314, 1.665]
[522, 9.206, -3.314, 1.665]
[522, 9.213, -3.314, 1.665]
[522, 9.213, -3.312, 1.665]
[522, 9.213, -3.312, 1.667]
[523, 9.213, -3.312, 1.667]
[523, 9.225, -3.312, 1.667]
[523, 9.225, -3.295, 1.667]
[523, 9.225, -3.295, 1.652]
[524, 9.225, -3.295, 1.652]
[524, 9.224, -3.295, 1.652]
[524, 9.224, -3.301, 1.652]
[524, 9.224, -3.301, 1.683]
[525, 9.224, -3.301, 1.683]
[525, 9.243, -3.301, 1.683]
[525, 9.243, -3.332, 1.683]
[525, 9.243, -3.332, 1.685]
[526, 9.243, -3.332, 1.685]
[526, 9.216, -3.332, 1.685]
[526, 9.216, -3.458, 1.685]
[526, 9.216, -3.458, 1.660]
[527, 9.216, -3.458, 1.660]
[527, 9.204, -3.458, 1.660]
[527, 9.204, -3.567, 1.660]
[527, 9.204, -3.567, 1.651]
[528, 9.204, -3.567, 1.651]
[528, 9.225, -3.567, 1.651]
[528, 9.225, -3.635, 1.651]
[528, 9.225, -3.635, 1.654]
[529, 9.225, -3.635, 1.654]
[529, 9.279, -3.635, 1.654]
[529, 9.279, -3.727, 1.654]
[529, 9.279, -3.727, 1.780]
[530, 9.279, -3.727, 1.780]
[530, 9.189, -3.727, 1.780]
[530, 9.189, -3.818, 1.780]
[530, 9.189, -3.818, 1.647]
[531, 9.189, -3.818, 1.647]
[531, 9.203, -3.818, 1.647]
[531, 9.203, -3.891, 1.647]
[531, 9.203, -3.891, 1.655]
[532, 9.203, -3.891, 1.655]
[532, 9.210, -3.891, 1.655]
[532, 9.210, -3.980, 1.655]
[532, 9.210, -3.980, 1.662]
[533, 9.210, -3.980, 1.662]
[533, 9.198, -3.980, 1.662]
[533, 9.198, -4.090, 1.662]
[533, 9.198, -4.090, 1.641]
[534, 9.198, -4.090, 1.641]
[534, 9.200, -4.090, 1.641]
[534, 9.200, -4.188, 1.641]
[534, 9.200, -4.188, 1.653]
[535, 9.200, -4.188, 1.653]
[535, 9.202, -4.188, 1.653]
[535, 9.202, -4.276, 1.653]
[535, 9.202, -4.276, 1.650]
[536, 9.202, -4.276, 1.650]
[536, 9.179, -4.276, 1.650]
[536, 9.179, -4.382, 1.650]
[536, 9.179, -4.382, 1.625]
[537, 9.179, -4.382, 1.625]
[537, 9.195, -4.382, 1.625]
[537, 9.195, -4.475, 1.625]
[537, 9.195, -4.475, 1.618]
[538, 9.195, -4.475, 1.618]
[538, 9.204, -4.475, 1.618]
[538, 9.204, -4.564, 1.618]
[538, 9.204, -4.564, 1.656]
[539, 9.204, -4.564, 1.656]
[539, 9.197, -4.564, 1.656]
[539, 9.197, -4.670, 1.656]
[539, 9.197, -4.670, 1.658]
[540, 9.197, -4.670, 1.658]
[540, 9.199, -4.670, 1.658]
[540, 9.199, -4.777, 1.658]
[540, 9.199, -4.777, 1.650]
[541, 9.199, -4.777, 1.650]
[541, 9.184, -4.777, 1.650]
[541, 9.184, -4.880, 1.650]
[541, 9.184, -4.880, 1.578]
[542, 9.184, -4.880, 1.578]
[542, 9.220, -4.880, 1.578]
[542, 9.220, -4.925, 1.578]
[542, 9.220, -4.925, 1.604]
[543, 9.220, -4.925, 1.604]
[543, 9.288, -4.925, 1.604]
[543, 9.288, -5.047, 1.604]
[543, 9.288, -5.047, 1.815]
[544, 9.288, -5.047, 1.815]
[544, 9.190, -5.047, 1.815]
[544, 9.190, -5.145, 1.815]
[544, 9.190, -5.145, 1.677]
[545, 9.190, -5.145, 1.677]
[545, 9.183, -5.145, 1.677]
[545, 9.183, -5.153, 1.677]
[545, 9.183, -5.153, 1.933]
[546, 9.183, -5.153, 1.933]
[546, 9.214, -5.153, 1.933]
[546, 9.214, -5.287, 1.933]
[546, 9.214, -5.287, 1.854]
[547, 9.214, -5.287, 1.854]
[547, 9.194, -5.287, 1.854]
[547, 9.194, -5.432, 1.854]
[547, 9.194, -5.432, 1.691]
[548, 9.194, -5.432, 1.691]
[548, 9.190, -5.432, 1.691]
[548, 9.190, -5.524, 1.691]
[548, 9.190, -5.524, 1.687]
[549, 9.190, -5.524, 1.687]
[549, 9.176, -5.524, 1.687]
[549, 9.176, -5.630, 1.687]
[549, 9.176, -5.630, 1.644]
[550, 9.176, -5.630, 1.644]
[550, 9.200, -5.630, 1.644]
[550, 9.200, -5.714, 1.644]
[550, 9.200, -5.714, 1.677]
[551, 9.200, -5.714, 1.677]
[551, 9.195, -5.714, 1.677]
[551, 9.195, -5.809, 1.677]
[551, 9.195, -5.809, 1.697]
[552, 9.195, -5.809, 1.697]
[552, 9.152, -5.809, 1.697]
[552, 9.152, -5.908, 1.697]
[552, 9.152, -5.908, 1.608]
[553, 9.152, -5.908, 1.608]
[553, 9.209, -5.908, 1.608]
[553, 9.209, -5.992, 1.608]
[553, 9.209, -5.992, 1.702]
[554, 9.209, -5.992, 1.702]
[554, 9.194, -5.992, 1.702]
[554, 9.194, -6.100, 1.702]
[554, 9.194, -6.100, 1.667]
[555, 9.194, -6.100, 1.667]
[555, 9.195, -6.100, 1.667]
[555, 9.195, -6.192, 1.667]
[555, 9.195, -6.192, 1.659]
[556, 9.195, -6.192, 1.659]
[556, 9.179, -6.192, 1.659]
[556, 9.179, -6.280, 1.659]
[556, 9.179, -6.280, 1.696]
[557, 9.179, -6.280, 1.696]
[557, 9.207, -6.280, 1.696]
[557, 9.207, -6.370, 1.696]
[557, 9.207, -6.370, 1.684]
[562, 9.207, -6.370, 1.684]
[562, 9.199, -6.370, 1.684]
[562, 9.199, -6.492, 1.684]
[562, 9.199, -6.492, 1.652]
[563, 9.199, -6.492, 1.652]
[563, 9.198, -6.492, 1.652]
[563, 9.198, -6.566, 1.652]
[563, 9.198, -6.566, 1.663]
[564, 9.198, -6.566, 1.663]
[564, 9.206, -6.566, 1.663]
[564, 9.206, -6.684, 1.663]
[564, 9.206, -6.684, 1.697]
[565, 9.206, -6.684, 1.697]
[565, 9.200, -6.684, 1.697]
[565, 9.200, -6.762, 1.697]
[565, 9.200, -6.762, 1.676]
[566, 9.200, -6.762, 1.676]
[566, 9.244, -6.762, 1.676]
[566, 9.244, -6.882, 1.676]
[566, 9.244, -6.882, 1.746]
[567, 9.244, -6.882, 1.746]
[567, 9.176, -6.882, 1.746]
[567, 9.176, -6.974, 1.746]
[567, 9.176, -6.974, 1.674]
[568, 9.176, -6.974, 1.674]
[569, 9.176, -6.974, 1.674]
[569, 9.249, -6.974, 1.674]
[569, 9.249, -7.158, 1.674]
[569, 9.249, -7.158, 1.729]
[570, 9.249, -7.158, 1.729]
[570, 9.248, -7.158, 1.729]
[570, 9.248, -7.258, 1.729]
[570, 9.248, -7.258, 1.733]
[571, 9.248, -7.258, 1.733]
[571, 9.251, -7.258, 1.733]
[571, 9.251, -7.355, 1.733]
[571, 9.251, -7.355, 1.766]
[572, 9.251, -7.355, 1.766]
[572, 9.249, -7.355, 1.766]
[572, 9.249, -7.493, 1.766]
[572, 9.249, -7.493, 1.768]
[573, 9.249, -7.493, 1.768]
[573, 9.173, -7.493, 1.768]
[573, 9.173, -7.512, 1.768]
[573, 9.173, -7.512, 1.968]
[574, 9.173, -7.512, 1.968]
[574, 9.167, -7.512, 1.968]
[574, 9.167, -7.657, 1.968]
[574, 9.167, -7.657, 1.807]
[575, 9.167, -7.657, 1.807]
[575, 9.327, -7.657, 1.807]
[575, 9.327, -7.793, 1.807]
[575, 9.327, -7.793, 1.890]
[576, 9.327, -7.793, 1.890]
[576, 9.156, -7.793, 1.890]
[576, 9.156, -7.918, 1.890]
[576, 9.156, -7.918, 1.512]
[577, 9.156, -7.918, 1.512]
[577, 9.190, -7.918, 1.512]
[577, 9.190, -7.962, 1.512]
[577, 9.190, -7.962, 1.577]
[578, 9.190, -7.962, 1.577]
[578, 9.204, -7.962, 1.577]
[578, 9.204, -8.113, 1.577]
[578, 9.204, -8.113, 1.683]
[579, 9.204, -8.113, 1.683]
[579, 9.192, -8.113, 1.683]
[579, 9.192, -8.191, 1.683]
[579, 9.192, -8.191, 1.739]
[580, 9.192, -8.191, 1.739]
[580, 9.189, -8.191, 1.739]
[580, 9.189, -8.321, 1.739]
[580, 9.189, -8.321, 1.642]
[581, 9.189, -8.321, 1.642]
[581, 9.206, -8.321, 1.642]
[581, 9.206, -8.410, 1.642]
[581, 9.206, -8.410, 1.661]
[582, 9.206, -8.410, 1.661]
[582, 9.208, -8.410, 1.661]
[582, 9.208, -8.514, 1.661]
[582, 9.208, -8.514, 1.650]
[583, 9.208, -8.514, 1.650]
[583, 9.219, -8.514, 1.650]
[583, 9.219, -8.617, 1.650]
[583, 9.219, -8.617, 1.696]
[584, 9.219, -8.617, 1.696]
[584, 9.210, -8.617, 1.696]
[584, 9.210, -8.710, 1.696]
[584, 9.210, -8.710, 1.716]
[585, 9.210, -8.710, 1.716]
[585, 9.208, -8.710, 1.716]
[585, 9.208, -8.771, 1.716]
[585, 9.208, -8.771, 2.010]
[586, 9.208, -8.771, 2.010]
[586, 9.213, -8.771, 2.010]
[586, 9.213, -8.808, 2.010]
[586, 9.213, -8.808, 1.650]
[587, 9.213, -8.808, 1.650]
[587, 9.208, -8.808, 1.650]
[587, 9.208, -8.808, 1.696]
[588, 9.208, -8.808, 1.696]
[588, 9.215, -8.808, 1.696]
[588, 9.215, -8.842, 1.696]
[588, 9.215, -8.842, 1.736]
[589, 9.215, -8.842, 1.736]
[589, 9.259, -8.842, 1.736]
[589, 9.259, -8.882, 1.736]
[589, 9.259, -8.882, 1.732]
[590, 9.259, -8.882, 1.732]
[590, 9.256, -8.882, 1.732]
[590, 9.256, -8.937, 1.732]
[590, 9.256, -8.937, 1.646]
[591, 9.256, -8.937, 1.646]
[591, 9.240, -8.937, 1.646]
[591, 9.240, -8.911, 1.646]
[591, 9.240, -8.911, 1.754]
[592, 9.240, -8.911, 1.754]
[592, 9.236, -8.911, 1.754]
[592, 9.236, -8.937, 1.754]
[592, 9.236, -8.937, 1.720]
[593, 9.236, -8.937, 1.720]
[593, 9.264, -8.937, 1.720]
[593, 9.264, -8.946, 1.720]
[593, 9.264, -8.946, 1.805]
[594, 9.264, -8.946, 1.805]
[594, 9.236, -8.946, 1.805]
[594, 9.236, -8.938, 1.805]
[594, 9.236, -8.938, 1.740]
[595, 9.236, -8.938, 1.740]
[595, 9.262, -8.938, 1.740]
[595, 9.262, -8.933, 1.740]
[595, 9.262, -8.933, 1.819]
[596, 9.262, -8.933, 1.819]
[596, 9.195, -8.933, 1.819]
[596, 9.195, -8.920, 1.819]
[596, 9.195, -8.920, 1.686]
[597, 9.195, -8.920, 1.686]
[597, 9.197, -8.920, 1.686]
[597, 9.197, -8.920, 1.601]
[598, 9.197, -8.920, 1.601]
[598, 9.213, -8.920, 1.601]
[598, 9.213, -8.900, 1.601]
[598, 9.213, -8.900, 1.574]
[599, 9.213, -8.900, 1.574]
[599, 9.229, -8.900, 1.574]
[599, 9.229, -8.855, 1.574]
[599, 9.229, -8.855, 1.576]
[600, 9.229, -8.855, 1.576]
[600, 9.133, -8.855, 1.576]
[600, 9.133, -8.884, 1.576]
[600, 9.133, -8.884, 1.271]
[601, 9.133, -8.884, 1.271]
[601, 9.181, -8.884, 1.271]
[601, 9.181, -8.848, 1.271]
[601, 9.181, -8.848, 1.227]
[602, 9.181, -8.848, 1.227]
[602, 9.165, -8.848, 1.227]
[602, 9.165, -8.840, 1.227]
[602, 9.165, -8.840, 1.111]
[603, 9.165, -8.840, 1.111]
[603, 9.159, -8.840, 1.111]
[603, 9.159, -8.810, 1.111]
[603, 9.159, -8.810, 1.084]
[604, 9.159, -8.810, 1.084]
[605, 9.159, -8.810, 1.084]
[605, 9.183, -8.810, 1.084]
[605, 9.183, -8.800, 1.084]
[605, 9.183, -8.800, 1.017]
[606, 9.183, -8.800, 1.017]
[606, 9.160, -8.800, 1.017]
[606, 9.160, -8.817, 1.017]
[606, 9.160, -8.817, 0.800]
[607, 9.160, -8.817, 0.800]
[607, 9.186, -8.817, 0.800]
[607, 9.186, -8.795, 0.800]
[607, 9.186, -8.795, 0.783]
[608, 9.186, -8.795, 0.783]
[608, 9.149, -8.795, 0.783]
[608, 9.149, -8.798, 0.783]
[608, 9.149, -8.798, 0.555]
[609, 9.149, -8.798, 0.555]
[609, 9.162, -8.798, 0.555]
[609, 9.162, -8.808, 0.555]
[609, 9.162, -8.808, 0.767]
[610, 9.162, -8.808, 0.767]
[610, 9.118, -8.808, 0.767]
[610, 9.118, -8.814, 0.767]
[610, 9.118, -8.814, 0.518]
[611, 9.118, -8.814, 0.518]
[611, 9.163, -8.814, 0.518]
[611, 9.163, -8.796, 0.518]
[611, 9.163, -8.796, 0.647]
[612, 9.163, -8.796, 0.647]
[612, 9.222, -8.796, 0.647]
[612, 9.222, -8.788, 0.647]
[612, 9.222, -8.788, 0.863]
[613, 9.222, -8.788, 0.863]
[613, 9.173, -8.788, 0.863]
[613, 9.173, -8.814, 0.863]
[613, 9.173, -8.814, 0.710]
[618, 9.173, -8.814, 0.710]
[618, 9.162, -8.814, 0.710]
[618, 9.162, -8.720, 0.710]
[618, 9.162, -8.720, 1.439]
[619, 9.162, -8.720, 1.439]
[619, 9.161, -8.720, 1.439]
[619, 9.161, -8.753, 1.439]
[619, 9.161, -8.753, 1.156]
[620, 9.161, -8.753, 1.156]
[620, 9.170, -8.753, 1.156]
[620, 9.170, -8.791, 1.156]
[620, 9.170, -8.791, 0.969]
[621, 9.170, -8.791, 0.969]
[621, 9.153, -8.791, 0.969]
[621, 9.153, -8.714, 0.969]
[621, 9.153, -8.714, 1.482]
[622, 9.153, -8.714, 1.482]
[622, 9.155, -8.714, 1.482]
[622, 9.155, -8.813, 1.482]
[622, 9.155, -8.813, 0.809]
[623, 9.155, -8.813, 0.809]
[624, 9.155, -8.813, 0.809]
[624, 9.188, -8.813, 0.809]
[624, 9.188, -8.679, 0.809]
[624, 9.188, -8.679, 0.540]
[625, 9.188, -8.679, 0.540]
[625, 9.181, -8.679, 0.540]
[625, 9.181, -8.577, 0.540]
[625, 9.181, -8.577, 0.524]
[626, 9.181, -8.577, 0.524]
[626, 9.231, -8.577, 0.524]
[626, 9.231, -8.515, 0.524]
[626, 9.231, -8.515, 0.505]
[627, 9.231, -8.515, 0.505]
[627, 9.178, -8.515, 0.505]
[627, 9.178, -8.462, 0.505]
[627, 9.178, -8.462, 0.133]
[628, 9.178, -8.462, 0.133]
[628, 9.177, -8.462, 0.133]
[628, 9.177, -8.382, 0.133]
[628, 9.177, -8.382, 0.710]
[629, 9.177, -8.382, 0.710]
[629, 9.232, -8.382, 0.710]
[629, 9.232, -8.260, 0.710]
[629, 9.232, -8.260, 0.508]
[630, 9.232, -8.260, 0.508]
[630, 9.217, -8.260, 0.508]
[630, 9.217, -8.203, 0.508]
[630, 9.217, -8.203, 0.558]
[631, 9.217, -8.203, 0.558]
[632, 9.217, -8.203, 0.558]
[632, 9.223, -8.203, 0.558]
[632, 9.223, -7.980, 0.558]
[632, 9.223, -7.980, 1.027]
[633, 9.223, -7.980, 1.027]
[634, 9.223, -7.980, 1.027]
[634, 8.908, -7.980, 1.027]
[634, 8.908, -8.069, 1.027]
[634, 8.908, -8.069, 0.722]
[635, 8.908, -8.069, 0.722]
[635, 9.293, -8.069, 0.722]
[635, 9.293, -7.661, 0.722]
[635, 9.293, -7.661, 0.729]
[636, 9.293, -7.661, 0.729]
[636, 9.299, -7.661, 0.729]
[636, 9.299, -7.600, 0.729]
[636, 9.299, -7.600, 0.727]
[637, 9.299, -7.600, 0.727]
[637, 9.301, -7.600, 0.727]
[637, 9.301, -7.456, 0.727]
[637, 9.301, -7.456, 0.899]
[638, 9.301, -7.456, 0.899]
[638, 9.312, -7.456, 0.899]
[638, 9.312, -7.425, 0.899]
[638, 9.312, -7.425, 0.784]
[639, 9.312, -7.425, 0.784]
[639, 9.293, -7.425, 0.784]
[639, 9.293, -7.238, 0.784]
[639, 9.293, -7.238, 1.348]
[640, 9.293, -7.238, 1.348]
[640, 9.303, -7.238, 1.348]
[640, 9.303, -7.273, 1.348]
[640, 9.303, -7.273, 0.639]
[641, 9.303, -7.273, 0.639]
[641, 9.337, -7.273, 0.639]
[641, 9.337, -7.099, 0.639]
[641, 9.337, -7.099, 0.793]
[642, 9.337, -7.099, 0.793]
[642, 9.293, -7.099, 0.793]
[642, 9.293, -7.100, 0.793]
[642, 9.293, -7.100, 0.621]
[643, 9.293, -7.100, 0.621]
[643, 9.888, -7.100, 0.621]
[643, 9.888, -6.890, 0.621]
[643, 9.888, -6.890, 1.963]
[644, 9.888, -6.890, 1.963]
[645, 9.888, -6.890, 1.963]
[645, 9.306, -6.890, 1.963]
[645, 9.306, -6.638, 1.963]
[645, 9.306, -6.638, 0.547]
[646, 9.306, -6.638, 0.547]
[646, 9.310, -6.638, 0.547]
[646, 9.310, -6.578, 0.547]
[646, 9.310, -6.578, 0.764]
[647, 9.310, -6.578, 0.764]
[647, 9.347, -6.578, 0.764]
[647, 9.347, -6.369, 0.764]
[647, 9.347, -6.369, 0.437]
[648, 9.347, -6.369, 0.437]
[649, 9.347, -6.369, 0.437]
[649, 9.369, -6.369, 0.437]
[649, 9.369, -5.989, 0.437]
[649, 9.369, -5.989, 1.519]
[650, 9.369, -5.989, 1.519]
[650, 9.381, -5.989, 1.519]
[650, 9.381, -5.692, 1.519]
[650, 9.381, -5.692, 2.168]
[651, 9.381, -5.692, 2.168]
[651, 9.394, -5.692, 2.168]
[651, 9.394, -5.839, 2.168]
[651, 9.394, -5.839, 0.621]
[652, 9.394, -5.839, 0.621]
[652, 9.423, -5.839, 0.621]
[652, 9.423, -5.750, 0.621]
[652, 9.423, -5.750, 0.726]
[653, 9.423, -5.750, 0.726]
[653, 9.420, -5.750, 0.726]
[653, 9.420, -5.646, 0.726]
[653, 9.420, -5.646, 0.674]
[654, 9.420, -5.646, 0.674]
[654, 9.433, -5.646, 0.674]
[654, 9.433, -5.543, 0.674]
[654, 9.433, -5.543, 0.614]
[655, 9.433, -5.543, 0.614]
[656, 9.433, -5.543, 0.614]
[656, 9.468, -5.543, 0.614]
[656, 9.468, -5.288, 0.614]
[656, 9.468, -5.288, 0.981]
[657, 9.468, -5.288, 0.981]
[657, 9.511, -5.288, 0.981]
[657, 9.511, -5.222, 0.981]
[657, 9.511, -5.222, 0.976]
[658, 9.511, -5.222, 0.976]
[658, 9.506, -5.222, 0.976]
[658, 9.506, -5.098, 0.976]
[658, 9.506, -5.098, 0.978]
[659, 9.506, -5.098, 0.978]
[660, 9.506, -5.098, 0.978]
[660, 9.520, -5.098, 0.978]
[660, 9.520, -4.854, 0.978]
[660, 9.520, -4.854, 0.998]
[661, 9.520, -4.854, 0.998]
[661, 9.581, -4.854, 0.998]
[661, 9.581, -4.663, 0.998]
[661, 9.581, -4.663, 0.718]
[662, 9.581, -4.663, 0.718]
[662, 9.513, -4.663, 0.718]
[662, 9.513, -4.622, 0.718]
[662, 9.513, -4.622, 1.085]
[663, 9.513, -4.622, 1.085]
[663, 9.566, -4.622, 1.085]
[663, 9.566, -4.621, 1.085]
[663, 9.566, -4.621, 1.133]
[668, 9.566, -4.621, 1.133]
[668, 9.578, -4.621, 1.133]
[668, 9.578, -4.517, 1.133]
[668, 9.578, -4.517, 0.829]
[669, 9.578, -4.517, 0.829]
[669, 9.561, -4.517, 0.829]
[669, 9.561, -4.383, 0.829]
[669, 9.561, -4.383, 0.674]
[670, 9.561, -4.383, 0.674]
[670, 9.560, -4.383, 0.674]
[670, 9.560, -4.278, 0.674]
[670, 9.560, -4.278, 0.643]
[671, 9.560, -4.278, 0.643]
[671, 9.569, -4.278, 0.643]
[671, 9.569, -4.054, 0.643]
[671, 9.569, -4.054, 1.218]
[672, 9.569, -4.054, 1.218]
[673, 9.569, -4.054, 1.218]
[673, 9.669, -4.054, 1.218]
[673, 9.669, -3.950, 1.218]
[673, 9.669, -3.950, 0.742]
[674, 9.669, -3.950, 0.742]
[674, 9.679, -3.950, 0.742]
[674, 9.679, -3.768, 0.742]
[674, 9.679, -3.768, 1.218]
[675, 9.679, -3.768, 1.218]
[675, 9.556, -3.768, 1.218]
[675, 9.556, -3.713, 1.218]
[675, 9.556, -3.713, 0.664]
[676, 9.556, -3.713, 0.664]
[676, 9.633, -3.713, 0.664]
[676, 9.633, -3.639, 0.664]
[676, 9.633, -3.639, 0.779]
[677, 9.633, -3.639, 0.779]
[677, 9.645, -3.639, 0.779]
[677, 9.645, -3.517, 0.779]
[677, 9.645, -3.517, 0.732]
[678, 9.645, -3.517, 0.732]
[678, 9.643, -3.517, 0.732]
[678, 9.643, -3.501, 0.732]
[678, 9.643, -3.501, 0.868]
[679, 9.643, -3.501, 0.868]
[679, 9.651, -3.501, 0.868]
[679, 9.651, -3.485, 0.868]
[679, 9.651, -3.485, 0.984]
[680, 9.651, -3.485, 0.984]
[680, 9.633, -3.485, 0.984]
[680, 9.633, -3.407, 0.984]
[680, 9.633, -3.407, 1.157]
[681, 9.633, -3.407, 1.157]
[681, 9.676, -3.407, 1.157]
[681, 9.676, -3.446, 1.157]
[681, 9.676, -3.446, 0.935]
[682, 9.676, -3.446, 0.935]
[682, 9.654, -3.446, 0.935]
[682, 9.654, -3.387, 0.935]
[682, 9.654, -3.387, 0.956]
[683, 9.654, -3.387, 0.956]
[683, 9.661, -3.387, 0.956]
[683, 9.661, -3.350, 0.956]
[683, 9.661, -3.350, 1.160]
[684, 9.661, -3.350, 1.160]
[684, 9.670, -3.350, 1.160]
[684, 9.670, -3.356, 1.160]
[684, 9.670, -3.356, 1.135]
[685, 9.670, -3.356, 1.135]
[685, 9.668, -3.356, 1.135]
[685, 9.668, -3.452, 1.135]
[685, 9.668, -3.452, 0.795]
[686, 9.668, -3.452, 0.795]
[686, 9.656, -3.452, 0.795]
[686, 9.656, -3.453, 0.795]
[686, 9.656, -3.453, 0.689]
[687, 9.656, -3.453, 0.689]
[687, 9.670, -3.453, 0.689]
[687, 9.670, -3.387, 0.689]
[687, 9.670, -3.387, 1.027]
[688, 9.670, -3.387, 1.027]
[688, 9.604, -3.387, 1.027]
[688, 9.604, -3.344, 1.027]
[688, 9.604, -3.344, 0.159]
[689, 9.604, -3.344, 0.159]
[689, 9.428, -3.344, 0.159]
[689, 9.428, -3.389, 0.159]
[689, 9.428, -3.389, 0.902]
[690, 9.428, -3.389, 0.902]
[690, 9.353, -3.389, 0.902]
[690, 9.353, -3.408, 0.902]
[690, 9.353, -3.408, 0.693]
[691, 9.353, -3.408, 0.693]
[691, 9.461, -3.408, 0.693]
[691, 9.461, -3.376, 0.693]
[691, 9.461, -3.376, 1.265]
[692, 9.461, -3.376, 1.265]
[692, 9.217, -3.376, 1.265]
[692, 9.217, -3.291, 1.265]
[692, 9.217, -3.291, 1.229]
[693, 9.217, -3.291, 1.229]
[693, 9.081, -3.291, 1.229]
[693, 9.081, -3.254, 1.229]
[693, 9.081, -3.254, 1.215]
[694, 9.081, -3.254, 1.215]
[694, 8.737, -3.254, 1.215]
[694, 8.737, -3.362, 1.215]
[694, 8.737, -3.362, 0.580]
[695, 8.737, -3.362, 0.580]
[695, 8.656, -3.362, 0.580]
[695, 8.656, -3.281, 0.580]
[695, 8.656, -3.281, 0.812]
[696, 8.656, -3.281, 0.812]
[696, 8.573, -3.281, 0.812]
[696, 8.573, -3.270, 0.812]
[696, 8.573, -3.270, 0.826]
[697, 8.573, -3.270, 0.826]
[697, 8.470, -3.270, 0.826]
[697, 8.470, -3.225, 0.826]
[697, 8.470, -3.225, 0.895]
[698, 8.470, -3.225, 0.895]
[698, 8.371, -3.225, 0.895]
[698, 8.371, -3.040, 0.895]
[698, 8.371, -3.040, 1.352]
[699, 8.371, -3.040, 1.352]
[699, 8.264, -3.040, 1.352]
[699, 8.264, -2.958, 1.352]
[699, 8.264, -2.958, 1.522]
[700, 8.264, -2.958, 1.522]
[700, 8.166, -2.958, 1.522]
[700, 8.166, -3.213, 1.522]
[700, 8.166, -3.213, 0.772]
[701, 8.166, -3.213, 0.772]
[701, 8.053, -3.213, 0.772]
[701, 8.053, -3.195, 0.772]
[701, 8.053, -3.195, 0.770]
[702, 8.053, -3.195, 0.770]
[702, 7.943, -3.195, 0.770]
[702, 7.943, -3.207, 0.770]
[702, 7.943, -3.207, 0.771]
[703, 7.943, -3.207, 0.771]
[703, 7.859, -3.207, 0.771]
[703, 7.859, -3.124, 0.771]
[703, 7.859, -3.124, 0.898]
[704, 7.859, -3.124, 0.898]
[704, 7.612, -3.124, 0.898]
[704, 7.612, -3.138, 0.898]
[705, 7.612, -3.138, 0.898]
[705, 7.446, -3.138, 0.898]
[705, 7.446, -3.090, 0.898]
[705, 7.446, -3.090, 0.772]
[706, 7.446, -3.090, 0.772]
[706, 7.335, -3.090, 0.772]
[706, 7.335, -3.053, 0.772]
[706, 7.335, -3.053, 0.884]
[707, 7.335, -3.053, 0.884]
[707, 7.228, -3.053, 0.884]
[707, 7.228, -3.066, 0.884]
[707, 7.228, -3.066, 0.711]
[708, 7.228, -3.066, 0.711]
[708, 7.031, -3.066, 0.711]
[708, 7.031, -3.026, 0.711]
[708, 7.031, -3.026, 0.826]
[709, 7.031, -3.026, 0.826]
[709, 6.909, -3.026, 0.826]
[709, 6.909, -2.924, 0.826]
[709, 6.909, -2.924, 1.223]
[710, 6.909, -2.924, 1.223]
[710, 6.878, -2.924, 1.223]
[710, 6.878, -3.042, 1.223]
[710, 6.878, -3.042, 1.085]
[711, 6.878, -3.042, 1.085]
[711, 6.663, -3.042, 1.085]
[711, 6.663, -2.962, 1.085]
[711, 6.663, -2.962, 0.792]
[716, 6.663, -2.962, 0.792]
[716, 6.471, -2.962, 0.792]
[716, 6.471, -2.937, 0.792]
[716, 6.471, -2.937, 1.267]
[717, 6.471, -2.937, 1.267]
[718, 6.471, -2.937, 1.267]
[718, 6.181, -2.937, 1.267]
[718, 6.181, -3.036, 1.267]
[718, 6.181, -3.036, 0.912]
[719, 6.181, -3.036, 0.912]
[719, 6.048, -3.036, 0.912]
[719, 6.048, -2.889, 0.912]
[719, 6.048, -2.889, 1.094]
[720, 6.048, -2.889, 1.094]
[720, 5.784, -2.889, 1.094]
[720, 5.784, -3.049, 1.094]
[720, 5.784, -3.049, 1.009]
[721, 5.784, -3.049, 1.009]
[721, 5.662, -3.049, 1.009]
[721, 5.662, -3.024, 1.009]
[721, 5.662, -3.024, 0.941]
[722, 5.662, -3.024, 0.941]
[722, 5.560, -3.024, 0.941]
[722, 5.560, -3.008, 0.941]
[722, 5.560, -3.008, 0.958]
[723, 5.560, -3.008, 0.958]
[723, 5.439, -3.008, 0.958]
[723, 5.439, -3.060, 0.958]
[723, 5.439, -3.060, 0.709]
[724, 5.439, -3.060, 0.709]
[724, 5.349, -3.060, 0.709]
[724, 5.349, -3.036, 0.709]
[724, 5.349, -3.036, 0.858]
[725, 5.349, -3.036, 0.858]
[725, 5.215, -3.036, 0.858]
[725, 5.215, -3.023, 0.858]
[725, 5.215, -3.023, 0.718]
[726, 5.215, -3.023, 0.718]
[726, 5.118, -3.023, 0.718]
[726, 5.118, -3.049, 0.718]
[726, 5.118, -3.049, 0.663]
[727, 5.118, -3.049, 0.663]
[727, 5.009, -3.049, 0.663]
[727, 5.009, -3.048, 0.663]
[727, 5.009, -3.048, 0.689]
[728, 5.009, -3.048, 0.689]
[728, 4.904, -3.048, 0.689]
[728, 4.904, -3.031, 0.689]
[728, 4.904, -3.031, 0.724]
[729, 4.904, -3.031, 0.724]
[729, 4.779, -3.031, 0.724]
[729, 4.779, -3.029, 0.724]
[729, 4.779, -3.029, 0.579]
[730, 4.779, -3.029, 0.579]
[730, 4.699, -3.029, 0.579]
[730, 4.699, -3.036, 0.579]
[730, 4.699, -3.036, 0.762]
[731, 4.699, -3.036, 0.762]
[732, 4.699, -3.036, 0.762]
[732, 4.479, -3.036, 0.762]
[732, 4.479, -3.037, 0.762]
[732, 4.479, -3.037, 0.698]
[733, 4.479, -3.037, 0.698]
[733, 4.377, -3.037, 0.698]
[733, 4.377, -3.041, 0.698]
[733, 4.377, -3.041, 0.714]
[734, 4.377, -3.041, 0.714]
[734, 4.295, -3.041, 0.714]
[734, 4.295, -3.012, 0.714]
[734, 4.295, -3.012, 0.709]
[735, 4.295, -3.012, 0.709]
[735, 4.167, -3.012, 0.709]
[735, 4.167, -3.059, 0.709]
[735, 4.167, -3.059, 0.573]
[736, 4.167, -3.059, 0.573]
[736, 4.068, -3.059, 0.573]
[736, 4.068, -3.031, 0.573]
[736, 4.068, -3.031, 0.640]
[737, 4.068, -3.031, 0.640]
[737, 3.969, -3.031, 0.640]
[737, 3.969, -3.033, 0.640]
[737, 3.969, -3.033, 0.668]
[738, 3.969, -3.033, 0.668]
[738, 3.903, -3.033, 0.668]
[738, 3.903, -2.974, 0.668]
[738, 3.903, -2.974, 0.778]
[739, 3.903, -2.974, 0.778]
[739, 3.769, -2.974, 0.778]
[739, 3.769, -3.010, 0.778]
[739, 3.769, -3.010, 0.800]
[740, 3.769, -3.010, 0.800]
[740, 3.662, -3.010, 0.800]
[740, 3.662, -3.009, 0.800]
[740, 3.662, -3.009, 0.751]
[741, 3.662, -3.009, 0.751]
[741, 3.456, -3.009, 0.751]
[741, 3.456, -3.011, 0.751]
[741, 3.456, -3.011, 0.708]
[742, 3.456, -3.011, 0.708]
[742, 3.312, -3.011, 0.708]
[742, 3.312, -3.040, 0.708]
[742, 3.312, -3.040, 0.790]
[743, 3.312, -3.040, 0.790]
[743, 3.251, -3.040, 0.790]
[743, 3.251, -2.936, 0.790]
[743, 3.251, -2.936, 0.936]
[744, 3.251, -2.936, 0.936]
[744, 3.146, -2.936, 0.936]
[744, 3.146, -2.961, 0.936]
[744, 3.146, -2.961, 0.877]
[745, 3.146, -2.961, 0.877]
[745, 3.022, -2.961, 0.877]
[745, 3.022, -3.040, 0.877]
[745, 3.022, -3.040, 0.584]
[746, 3.022, -3.040, 0.584]
[746, 2.947, -3.040, 0.584]
[746, 2.947, -2.962, 0.584]
[746, 2.947, -2.962, 0.667]
[747, 2.947, -2.962, 0.667]
[747, 2.840, -2.962, 0.667]
[747, 2.840, -2.974, 0.667]
[747, 2.840, -2.974, 0.810]
[748, 2.840, -2.974, 0.810]
[748, 2.737, -2.974, 0.810]
[748, 2.737, -2.875, 0.810]
[748, 2.737, -2.875, 1.044]
[749, 2.737, -2.875, 1.044]
[749, 2.751, -2.875, 1.044]
[749, 2.751, -3.001, 1.044]
[749, 2.751, -3.001, 1.604]
[750, 2.751, -3.001, 1.604]
[750, 2.408, -3.001, 1.604]
[750, 2.408, -2.951, 1.604]
[750, 2.408, -2.951, 0.603]
[751, 2.408, -2.951, 0.603]
[751, 2.324, -2.951, 0.603]
[751, 2.324, -2.934, 0.603]
[751, 2.324, -2.934, 0.726]
[752, 2.324, -2.934, 0.726]
[752, 2.220, -2.934, 0.726]
[752, 2.220, -2.926, 0.726]
[752, 2.220, -2.926, 0.770]
[753, 2.220, -2.926, 0.770]
[753, 2.141, -2.926, 0.770]
[753, 2.141, -2.899, 0.770]
[753, 2.141, -2.899, 0.742]
[754, 2.141, -2.899, 0.742]
[754, 2.014, -2.899, 0.742]
[754, 2.014, -2.872, 0.742]
[754, 2.014, -2.872, 0.843]
[755, 2.014, -2.872, 0.843]
[755, 1.803, -2.872, 0.843]
[755, 1.803, -2.924, 0.843]
[755, 1.803, -2.924, 0.648]
[756, 1.803, -2.924, 0.648]
[756, 1.685, -2.924, 0.648]
[756, 1.685, -2.924, 0.678]
[757, 1.685, -2.924, 0.678]
[757, 1.619, -2.924, 0.678]
[757, 1.619, -2.883, 0.678]
[757, 1.619, -2.883, 0.793]
[758, 1.619, -2.883, 0.793]
[758, 1.502, -2.883, 0.793]
[758, 1.502, -2.884, 0.793]
[758, 1.502, -2.884, 0.703]
[759, 1.502, -2.884, 0.703]
[759, 1.403, -2.884, 0.703]
[759, 1.403, -2.881, 0.703]
[759, 1.403, -2.881, 0.640]
[760, 1.403, -2.881, 0.640]
[760, 1.322, -2.881, 0.640]
[760, 1.322, -2.886, 0.640]
[760, 1.322, -2.886, 0.558]
[761, 1.322, -2.886, 0.558]
[761, 1.240, -2.886, 0.558]
[761, 1.240, -2.831, 0.558]
[761, 1.240, -2.831, 0.844]
[766, 1.240, -2.831, 0.844]
[766, 1.108, -2.831, 0.844]
[766, 1.108, -2.870, 0.844]
[766, 1.108, -2.870, 0.632]
[767, 1.108, -2.870, 0.632]
[767, 1.012, -2.870, 0.632]
[767, 1.012, -2.873, 0.632]
[767, 1.012, -2.873, 0.702]
[768, 1.012, -2.873, 0.702]
[768, 0.936, -2.873, 0.702]
[768, 0.936, -2.859, 0.702]
[768, 0.936, -2.859, 0.730]
[769, 0.936, -2.859, 0.730]
[769, 0.924, -2.859, 0.730]
[769, 0.924, -2.855, 0.730]
[769, 0.924, -2.855, 0.698]
[770, 0.924, -2.855, 0.698]
[770, 0.917, -2.855, 0.698]
[770, 0.917, -2.871, 0.698]
[770, 0.917, -2.871, 0.756]
[771, 0.917, -2.871, 0.756]
[771, 0.886, -2.871, 0.756]
[771, 0.886, -2.870, 0.756]
[771, 0.886, -2.870, 0.750]
[772, 0.886, -2.870, 0.750]
[772, 0.845, -2.870, 0.750]
[772, 0.845, -2.894, 0.750]
[772, 0.845, -2.894, 0.692]
[773, 0.845, -2.894, 0.692]
[773, 0.842, -2.894, 0.692]
[773, 0.842, -2.852, 0.692]
[773, 0.842, -2.852, 0.877]
[774, 0.842, -2.852, 0.877]
[774, 0.887, -2.852, 0.877]
[774, 0.887, -2.842, 0.877]
[774, 0.887, -2.842, 0.826]
[775, 0.887, -2.842, 0.826]
[775, 0.893, -2.842, 0.826]
[775, 0.893, -2.841, 0.826]
[775, 0.893, -2.841, 0.846]
[776, 0.893, -2.841, 0.846]
[776, 0.814, -2.841, 0.846]
[776, 0.814, -2.926, 0.846]
[776, 0.814, -2.926, 0.656]
[777, 0.814, -2.926, 0.656]
[777, 0.833, -2.926, 0.656]
[777, 0.833, -2.876, 0.656]
[777, 0.833, -2.876, 0.807]
[778, 0.833, -2.876, 0.807]
[778, 0.823, -2.876, 0.807]
[778, 0.823, -2.805, 0.807]
[778, 0.823, -2.805, 1.044]
[779, 0.823, -2.805, 1.044]
[779, 0.823, -2.743, 1.044]
[779, 0.823, -2.743, 1.454]
[780, 0.823, -2.743, 1.454]
[780, 0.835, -2.743, 1.454]
[780, 0.835, -3.111, 1.454]
[780, 0.835, -3.111, 0.667]
[781, 0.835, -3.111, 0.667]
[781, 0.814, -3.111, 0.667]
[781, 0.814, -3.234, 0.667]
[781, 0.814, -3.234, 0.466]
[782, 0.814, -3.234, 0.466]
[782, 0.832, -3.234, 0.466]
[782, 0.832, -3.195, 0.466]
[782, 0.832, -3.195, 1.013]
[783, 0.832, -3.195, 1.013]
[783, 0.814, -3.195, 1.013]
[783, 0.814, -3.347, 1.013]
[783, 0.814, -3.347, 1.112]
[784, 0.814, -3.347, 1.112]
[784, 0.784, -3.347, 1.112]
[784, 0.784, -3.508, 1.112]
[784, 0.784, -3.508, 1.090]
[785, 0.784, -3.508, 1.090]
[785, 0.787, -3.508, 1.090]
[785, 0.787, -3.719, 1.090]
[785, 0.787, -3.719, 0.793]
[786, 0.787, -3.719, 0.793]
[786, 0.787, -3.776, 0.793]
[786, 0.787, -3.776, 1.002]
[787, 0.787, -3.776, 1.002]
[787, 0.752, -3.776, 1.002]
[787, 0.752, -3.890, 1.002]
[787, 0.752, -3.890, 0.557]
[788, 0.752, -3.890, 0.557]
[788, 0.791, -3.890, 0.557]
[788, 0.791, -4.056, 0.557]
[788, 0.791, -4.056, 0.530]
[789, 0.791, -4.056, 0.530]
[789, 0.811, -4.056, 0.530]
[789, 0.811, -4.315, 0.530]
[789, 0.811, -4.315, 0.706]
[790, 0.811, -4.315, 0.706]
[790, 0.806, -4.315, 0.706]
[790, 0.806, -4.409, 0.706]
[790, 0.806, -4.409, 0.779]
[791, 0.806, -4.409, 0.779]
[791, 0.869, -4.409, 0.779]
[791, 0.869, -4.462, 0.779]
[791, 0.869, -4.462, 0.947]
[792, 0.869, -4.462, 0.947]
[792, 0.886, -4.462, 0.947]
[792, 0.886, -4.529, 0.947]
[792, 0.886, -4.529, 1.044]
[793, 0.886, -4.529, 1.044]
[793, 0.888, -4.529, 1.044]
[793, 0.888, -4.770, 1.044]
[793, 0.888, -4.770, 1.252]
[794, 0.888, -4.770, 1.252]
[794, 0.832, -4.770, 1.252]
[794, 0.832, -4.802, 1.252]
[794, 0.832, -4.802, 0.818]
[795, 0.832, -4.802, 0.818]
[796, 0.832, -4.802, 0.818]
[796, 0.865, -4.802, 0.818]
[796, 0.865, -5.143, 0.818]
[796, 0.865, -5.143, 0.290]
[797, 0.865, -5.143, 0.290]
[797, 0.920, -5.143, 0.290]
[797, 0.920, -5.235, 0.290]
[797, 0.920, -5.235, 1.094]
[798, 0.920, -5.235, 1.094]
[798, 0.909, -5.235, 1.094]
[798, 0.909, -5.337, 1.094]
[798, 0.909, -5.337, 0.614]
[799, 0.909, -5.337, 0.614]
[799, 0.933, -5.337, 0.614]
[799, 0.933, -5.421, 0.614]
[799, 0.933, -5.421, 0.661]
[800, 0.933, -5.421, 0.661]
[800, 0.937, -5.421, 0.661]
[800, 0.937, -5.533, 0.661]
[800, 0.937, -5.533, 0.540]
[801, 0.937, -5.533, 0.540]
[801, 0.977, -5.533, 0.540]
[801, 0.977, -5.611, 0.540]
[801, 0.977, -5.611, 0.776]
[802, 0.977, -5.611, 0.776]
[802, 0.966, -5.611, 0.776]
[802, 0.966, -5.736, 0.776]
[802, 0.966, -5.736, 0.570]
[803, 0.966, -5.736, 0.570]
[803, 1.010, -5.736, 0.570]
[803, 1.010, -5.808, 0.570]
[803, 1.010, -5.808, 0.689]
[804, 1.010, -5.808, 0.689]
[804, 0.997, -5.808, 0.689]
[804, 0.997, -5.893, 0.689]
[804, 0.997, -5.893, 0.821]
[805, 0.997, -5.893, 0.821]
[805, 1.139, -5.893, 0.821]
[805, 1.139, -6.020, 0.821]
[805, 1.139, -6.020, 1.675]
[806, 1.139, -6.020, 1.675]
[806, 1.076, -6.020, 1.675]
[806, 1.076, -6.096, 1.675]
[806, 1.076, -6.096, 0.970]
[807, 1.076, -6.096, 0.970]
[807, 1.082, -6.096, 0.970]
[807, 1.082, -6.211, 0.970]
[807, 1.082, -6.211, 0.917]
[808, 1.082, -6.211, 0.917]
[808, 1.061, -6.211, 0.917]
[808, 1.061, -6.164, 0.917]
[808, 1.061, -6.164, 0.896]
[809, 1.061, -6.164, 0.896]
[809, 1.105, -6.164, 0.896]
[809, 1.105, -6.240, 0.896]
[809, 1.105, -6.240, 0.843]
[814, 1.105, -6.240, 0.843]
[814, 1.152, -6.240, 0.843]
[814, 1.152, -6.203, 0.843]
[814, 1.152, -6.203, 0.949]
[815, 1.152, -6.203, 0.949]
[815, 1.163, -6.203, 0.949]
[815, 1.163, -6.221, 0.949]
[815, 1.163, -6.221, 1.013]
[816, 1.163, -6.221, 1.013]
[816, 1.246, -6.221, 1.013]
[816, 1.246, -6.085, 1.013]
[816, 1.246, -6.085, 1.605]
[817, 1.246, -6.085, 1.605]
[817, 1.131, -6.085, 1.605]
[817, 1.131, -6.281, 1.605]
[817, 1.131, -6.281, 0.802]
[818, 1.131, -6.281, 0.802]
[818, 1.129, -6.281, 0.802]
[818, 1.129, -6.267, 0.802]
[818, 1.129, -6.267, 0.693]
[819, 1.129, -6.267, 0.693]
[819, 1.123, -6.267, 0.693]
[819, 1.123, -6.264, 0.693]
[819, 1.123, -6.264, 0.475]
[820, 1.123, -6.264, 0.475]
[820, 1.118, -6.264, 0.475]
[820, 1.118, -6.285, 0.475]
[820, 1.118, -6.285, 0.416]
[821, 1.118, -6.285, 0.416]
[821, 1.192, -6.285, 0.416]
[821, 1.192, -6.215, 0.416]
[821, 1.192, -6.215, 1.050]
[822, 1.192, -6.215, 1.050]
[822, 1.155, -6.215, 1.050]
[822, 1.155, -6.254, 1.050]
[822, 1.155, -6.254, 0.628]
[823, 1.155, -6.254, 0.628]
[823, 1.044, -6.254, 0.628]
[823, 1.044, -6.258, 0.628]
[823, 1.044, -6.258, 0.682]
[824, 1.044, -6.258, 0.682]
[824, 1.195, -6.258, 0.682]
[824, 1.195, -6.314, 0.682]
[824, 1.195, -6.314, 0.388]
[825, 1.195, -6.314, 0.388]
[825, 1.222, -6.314, 0.388]
[825, 1.222, -6.333, 0.388]
[825, 1.222, -6.333, 0.860]
[826, 1.222, -6.333, 0.860]
[826, 1.194, -6.333, 0.860]
[826, 1.194, -6.225, 0.860]
[826, 1.194, -6.225, 0.690]
[827, 1.194, -6.225, 0.690]
[827, 1.185, -6.225, 0.690]
[827, 1.185, -6.104, 0.690]
[827, 1.185, -6.104, 1.509]
[828, 1.185, -6.104, 1.509]
[828, 1.288, -6.104, 1.509]
[828, 1.288, -6.344, 1.509]
[828, 1.288, -6.344, 0.631]
[829, 1.288, -6.344, 0.631]
[829, 1.267, -6.344, 0.631]
[829, 1.267, -6.312, 0.631]
[829, 1.267, -6.312, 0.721]
[830, 1.267, -6.312, 0.721]
[830, 1.301, -6.312, 0.721]
[830, 1.301, -6.361, 0.721]
[830, 1.301, -6.361, 0.893]
[831, 1.301, -6.361, 0.893]
[831, 1.284, -6.361, 0.893]
[831, 1.284, -6.269, 0.893]
[831, 1.284, -6.269, 0.829]
[832, 1.284, -6.269, 0.829]
[832, 1.298, -6.269, 0.829]
[832, 1.298, -6.342, 0.829]
[832, 1.298, -6.342, 0.838]
[833, 1.298, -6.342, 0.838]
[833, 1.303, -6.342, 0.838]
[833, 1.303, -6.343, 0.838]
[833, 1.303, -6.343, 0.843]
[834, 1.303, -6.343, 0.843]
[834, 1.314, -6.343, 0.843]
[834, 1.314, -6.351, 0.843]
[834, 1.314, -6.351, 0.965]
[835, 1.314, -6.351, 0.965]
[835, 1.291, -6.351, 0.965]
[835, 1.291, -6.334, 0.965]
[835, 1.291, -6.334, 0.776]
[836, 1.291, -6.334, 0.776]
[836, 1.289, -6.334, 0.776]
[836, 1.289, -6.332, 0.776]
[836, 1.289, -6.332, 0.779]
[837, 1.289, -6.332, 0.779]
[837, 1.278, -6.332, 0.779]
[837, 1.278, -6.344, 0.779]
[837, 1.278, -6.344, 0.753]
[838, 1.278, -6.344, 0.753]
[838, 1.302, -6.344, 0.753]
[838, 1.302, -6.349, 0.753]
[838, 1.302, -6.349, 0.887]
[839, 1.302, -6.349, 0.887]
[839, 1.279, -6.349, 0.887]
[839, 1.279, -6.305, 0.887]
[839, 1.279, -6.305, 0.860]
[840, 1.279, -6.305, 0.860]
[840, 1.306, -6.305, 0.860]
[840, 1.306, -6.352, 0.860]
[840, 1.306, -6.352, 0.935]
[841, 1.306, -6.352, 0.935]
[841, 1.292, -6.352, 0.935]
[841, 1.292, -6.351, 0.935]
[841, 1.292, -6.351, 0.885]
[842, 1.292, -6.351, 0.885]
[842, 1.262, -6.351, 0.885]
[842, 1.262, -6.367, 0.885]
[842, 1.262, -6.367, 1.000]
[843, 1.262, -6.367, 1.000]
[843, 1.303, -6.367, 1.000]
[843, 1.303, -6.344, 1.000]
[843, 1.303, -6.344, 0.917]
[844, 1.303, -6.344, 0.917]
[844, 1.304, -6.344, 0.917]
[844, 1.304, -6.344, 0.919]
[845, 1.304, -6.344, 0.919]
[845, 1.314, -6.344, 0.919]
[845, 1.314, -6.353, 0.919]
[845, 1.314, -6.353, 0.992]
[846, 1.314, -6.353, 0.992]
[846, 1.301, -6.353, 0.992]
[846, 1.301, -6.341, 0.992]
[846, 1.301, -6.341, 0.898]
[847, 1.301, -6.341, 0.898]
[847, 1.306, -6.341, 0.898]
[847, 1.306, -6.348, 0.898]
[847, 1.306, -6.348, 0.961]
[848, 1.306, -6.348, 0.961]
[848, 1.305, -6.348, 0.961]
[848, 1.305, -6.342, 0.961]
[848, 1.305, -6.342, 0.951]
[849, 1.305, -6.342, 0.951]
[849, 1.302, -6.342, 0.951]
[849, 1.302, -6.341, 0.951]
[849, 1.302, -6.341, 0.954]
[850, 1.302, -6.341, 0.954]
[850, 1.300, -6.341, 0.954]
[850, 1.300, -6.342, 0.954]
[850, 1.300, -6.342, 0.957]
[851, 1.300, -6.342, 0.957]
[851, 1.301, -6.342, 0.957]
[851, 1.301, -6.343, 0.957]
[851, 1.301, -6.343, 0.967]
[852, 1.301, -6.343, 0.967]
[852, 1.303, -6.343, 0.967]
[852, 1.303, -6.345, 0.967]
[852, 1.303, -6.345, 0.989]
[853, 1.303, -6.345, 0.989]
[853, 1.297, -6.345, 0.989]
[853, 1.297, -6.338, 0.989]
[853, 1.297, -6.338, 0.934]
[854, 1.297, -6.338, 0.934]
[854, 1.297, -6.335, 0.934]
[854, 1.297, -6.335, 0.928]
[855, 1.297, -6.335, 0.928]
[855, 1.296, -6.335, 0.928]
[855, 1.296, -6.335, 0.935]
[856, 1.296, -6.335, 0.935]
[856, 1.299, -6.335, 0.935]
[856, 1.299, -6.338, 0.935]
[856, 1.299, -6.338, 0.966]
[861, 1.299, -6.338, 0.966]
[861, 1.295, -6.338, 0.966]
[861, 1.295, -6.336, 0.966]
[861, 1.295, -6.336, 0.948]
[862, 1.295, -6.336, 0.948]
[862, 1.300, -6.336, 0.948]
[862, 1.300, -6.337, 0.948]
[862, 1.300, -6.337, 0.963]
[863, 1.300, -6.337, 0.963]
